(kicad_pcb (version 4) (host pcbnew "(2016-03-23 BZR 6647, Git bc699c8)-product")

  (general
    (links 187)
    (no_connects 0)
    (area 99.924999 83.924999 176.275001 132.075001)
    (thickness 1.6)
    (drawings 45)
    (tracks 880)
    (zones 0)
    (modules 44)
    (nets 127)
  )

  (page A4)
  (layers
    (0 F.Cu jumper)
    (31 B.Cu signal)
    (32 B.Adhes user)
    (33 F.Adhes user)
    (34 B.Paste user)
    (35 F.Paste user)
    (36 B.SilkS user)
    (37 F.SilkS user)
    (38 B.Mask user)
    (39 F.Mask user)
    (40 Dwgs.User user)
    (41 Cmts.User user)
    (42 Eco1.User user)
    (43 Eco2.User user)
    (44 Edge.Cuts user)
    (45 Margin user)
    (46 B.CrtYd user)
    (47 F.CrtYd user)
    (48 B.Fab user)
    (49 F.Fab user)
  )

  (setup
    (last_trace_width 0.1524)
    (user_trace_width 0.2032)
    (user_trace_width 0.254)
    (user_trace_width 0.381)
    (user_trace_width 0.508)
    (user_trace_width 1.016)
    (trace_clearance 0.1524)
    (zone_clearance 0.254)
    (zone_45_only no)
    (trace_min 0.1524)
    (segment_width 0.2)
    (edge_width 0.15)
    (via_size 0.635)
    (via_drill 0.3048)
    (via_min_size 0.635)
    (via_min_drill 0.3048)
    (uvia_size 0.3)
    (uvia_drill 0.1)
    (uvias_allowed no)
    (uvia_min_size 0)
    (uvia_min_drill 0)
    (pcb_text_width 0.3)
    (pcb_text_size 1.5 1.5)
    (mod_edge_width 0.15)
    (mod_text_size 0.000001 0.000001)
    (mod_text_width 0.15)
    (pad_size 1.4 1.4)
    (pad_drill 0.6)
    (pad_to_mask_clearance 0.2)
    (aux_axis_origin 0 0)
    (grid_origin 169.6 93.4)
    (visible_elements FFFFFFFF)
    (pcbplotparams
      (layerselection 0x00030_ffffffff)
      (usegerberextensions false)
      (excludeedgelayer true)
      (linewidth 0.100000)
      (plotframeref false)
      (viasonmask false)
      (mode 1)
      (useauxorigin false)
      (hpglpennumber 1)
      (hpglpenspeed 20)
      (hpglpendiameter 15)
      (psnegative false)
      (psa4output false)
      (plotreference true)
      (plotvalue true)
      (plotinvisibletext false)
      (padsonsilk false)
      (subtractmaskfromsilk false)
      (outputformat 1)
      (mirror false)
      (drillshape 1)
      (scaleselection 1)
      (outputdirectory ""))
  )

  (net 0 "")
  (net 1 /nrst)
  (net 2 GND)
  (net 3 +3.3V)
  (net 4 /osc_in)
  (net 5 /osc_out)
  (net 6 "Net-(C23-Pad1)")
  (net 7 "Net-(C24-Pad1)")
  (net 8 /3V3_adc)
  (net 9 "Net-(D1-Pad1)")
  (net 10 "Net-(D2-Pad1)")
  (net 11 /usb_5v)
  (net 12 "Net-(L1-Pad2)")
  (net 13 /swdio)
  (net 14 /usb_dm)
  (net 15 /usb_dp)
  (net 16 /usb_id)
  (net 17 /sd_d3)
  (net 18 /sd_cmd)
  (net 19 /sd_clk)
  (net 20 /sd_d0)
  (net 21 /sd_d1)
  (net 22 /sd_d2)
  (net 23 /sd_cd)
  (net 24 /sd_wp)
  (net 25 /pe2)
  (net 26 /sram_a19)
  (net 27 /sram_a20)
  (net 28 /pe5)
  (net 29 /pe6)
  (net 30 /pc15)
  (net 31 /sram_a0)
  (net 32 /sram_a1)
  (net 33 /sram_a2)
  (net 34 /sram_a3)
  (net 35 /sram_a4)
  (net 36 /sram_a5)
  (net 37 /pf6)
  (net 38 /pf7)
  (net 39 /pf8)
  (net 40 /pf9)
  (net 41 /pf10)
  (net 42 /pc0)
  (net 43 /pc1)
  (net 44 /pc2)
  (net 45 /pc3)
  (net 46 /pa0)
  (net 47 /pa1)
  (net 48 /pa2)
  (net 49 /sram_d10)
  (net 50 /sram_d11)
  (net 51 /sram_d12)
  (net 52 /sram_d2)
  (net 53 /sram_d3)
  (net 54 /pd3)
  (net 55 /sram_oe)
  (net 56 /sram_we)
  (net 57 /pd6)
  (net 58 /sram1_ce)
  (net 59 /sram2_ce)
  (net 60 /sram3_ce)
  (net 61 /pg11)
  (net 62 /pg13)
  (net 63 /pg14)
  (net 64 /pb4)
  (net 65 /pb5)
  (net 66 /pb6)
  (net 67 /pb7)
  (net 68 /pb8)
  (net 69 /pb9)
  (net 70 /pa3)
  (net 71 /pa4)
  (net 72 /pa5)
  (net 73 /pa6)
  (net 74 /pa7)
  (net 75 /pc4)
  (net 76 /pc5)
  (net 77 /pb0)
  (net 78 /pb1)
  (net 79 /pf11)
  (net 80 /sram_a6)
  (net 81 /sram_a7)
  (net 82 /sram_a8)
  (net 83 /sram_a9)
  (net 84 /sram_a10)
  (net 85 /sram_a11)
  (net 86 /sram_d4)
  (net 87 /sram_d5)
  (net 88 /sram_d6)
  (net 89 /sram_d7)
  (net 90 /sram_d8)
  (net 91 /sram_d9)
  (net 92 /sram_d14)
  (net 93 /sram_d15)
  (net 94 /sram_a16)
  (net 95 /sram_a17)
  (net 96 /sram_a18)
  (net 97 /sram_d0)
  (net 98 /sram_d1)
  (net 99 /sram_a12)
  (net 100 /sram_a13)
  (net 101 /sram_a14)
  (net 102 /sram_a15)
  (net 103 /pg7)
  (net 104 /pg8)
  (net 105 /pc6)
  (net 106 /pb14)
  (net 107 /pb15)
  (net 108 /sram_d13)
  (net 109 /fpga_io1)
  (net 110 /fpga_io2)
  (net 111 /swclk)
  (net 112 /boot0)
  (net 113 /boot1)
  (net 114 "Net-(P5-Pad13)")
  (net 115 /user_led1)
  (net 116 /user_led2)
  (net 117 "Net-(SW1-Pad3)")
  (net 118 /pe0)
  (net 119 /pb3)
  (net 120 /pg12)
  (net 121 /pe1)
  (net 122 /pc13)
  (net 123 /pc14)
  (net 124 /pg15)
  (net 125 /pb12)
  (net 126 /pb13)

  (net_class Default "This is the default net class."
    (clearance 0.1524)
    (trace_width 0.1524)
    (via_dia 0.635)
    (via_drill 0.3048)
    (uvia_dia 0.3)
    (uvia_drill 0.1)
    (add_net +3.3V)
    (add_net /3V3_adc)
    (add_net /boot0)
    (add_net /boot1)
    (add_net /fpga_io1)
    (add_net /fpga_io2)
    (add_net /nrst)
    (add_net /osc_in)
    (add_net /osc_out)
    (add_net /pa0)
    (add_net /pa1)
    (add_net /pa2)
    (add_net /pa3)
    (add_net /pa4)
    (add_net /pa5)
    (add_net /pa6)
    (add_net /pa7)
    (add_net /pb0)
    (add_net /pb1)
    (add_net /pb12)
    (add_net /pb13)
    (add_net /pb14)
    (add_net /pb15)
    (add_net /pb3)
    (add_net /pb4)
    (add_net /pb5)
    (add_net /pb6)
    (add_net /pb7)
    (add_net /pb8)
    (add_net /pb9)
    (add_net /pc0)
    (add_net /pc1)
    (add_net /pc13)
    (add_net /pc14)
    (add_net /pc15)
    (add_net /pc2)
    (add_net /pc3)
    (add_net /pc4)
    (add_net /pc5)
    (add_net /pc6)
    (add_net /pd3)
    (add_net /pd6)
    (add_net /pe0)
    (add_net /pe1)
    (add_net /pe2)
    (add_net /pe5)
    (add_net /pe6)
    (add_net /pf10)
    (add_net /pf11)
    (add_net /pf6)
    (add_net /pf7)
    (add_net /pf8)
    (add_net /pf9)
    (add_net /pg11)
    (add_net /pg12)
    (add_net /pg13)
    (add_net /pg14)
    (add_net /pg15)
    (add_net /pg7)
    (add_net /pg8)
    (add_net /sd_cd)
    (add_net /sd_clk)
    (add_net /sd_cmd)
    (add_net /sd_d0)
    (add_net /sd_d1)
    (add_net /sd_d2)
    (add_net /sd_d3)
    (add_net /sd_wp)
    (add_net /sram1_ce)
    (add_net /sram2_ce)
    (add_net /sram3_ce)
    (add_net /sram_a0)
    (add_net /sram_a1)
    (add_net /sram_a10)
    (add_net /sram_a11)
    (add_net /sram_a12)
    (add_net /sram_a13)
    (add_net /sram_a14)
    (add_net /sram_a15)
    (add_net /sram_a16)
    (add_net /sram_a17)
    (add_net /sram_a18)
    (add_net /sram_a19)
    (add_net /sram_a2)
    (add_net /sram_a20)
    (add_net /sram_a3)
    (add_net /sram_a4)
    (add_net /sram_a5)
    (add_net /sram_a6)
    (add_net /sram_a7)
    (add_net /sram_a8)
    (add_net /sram_a9)
    (add_net /sram_d0)
    (add_net /sram_d1)
    (add_net /sram_d10)
    (add_net /sram_d11)
    (add_net /sram_d12)
    (add_net /sram_d13)
    (add_net /sram_d14)
    (add_net /sram_d15)
    (add_net /sram_d2)
    (add_net /sram_d3)
    (add_net /sram_d4)
    (add_net /sram_d5)
    (add_net /sram_d6)
    (add_net /sram_d7)
    (add_net /sram_d8)
    (add_net /sram_d9)
    (add_net /sram_oe)
    (add_net /sram_we)
    (add_net /swclk)
    (add_net /swdio)
    (add_net /usb_5v)
    (add_net /usb_dm)
    (add_net /usb_dp)
    (add_net /usb_id)
    (add_net /user_led1)
    (add_net /user_led2)
    (add_net GND)
    (add_net "Net-(C23-Pad1)")
    (add_net "Net-(C24-Pad1)")
    (add_net "Net-(D1-Pad1)")
    (add_net "Net-(D2-Pad1)")
    (add_net "Net-(L1-Pad2)")
    (add_net "Net-(P5-Pad13)")
    (add_net "Net-(SW1-Pad3)")
  )

  (module Mounting_Holes:MountingHole_3.2mm_M3 (layer F.Cu) (tedit 57A1D605) (tstamp 57A12972)
    (at 103 87)
    (descr "Mounting Hole 3.2mm, no annular, M3")
    (tags "mounting hole 3.2mm no annular m3")
    (fp_text reference REF** (at 0 -4.2) (layer F.SilkS) hide
      (effects (font (size 1 1) (thickness 0.15)))
    )
    (fp_text value MountingHole_3.2mm_M3 (at 0 4.2) (layer F.Fab) hide
      (effects (font (size 1 1) (thickness 0.15)))
    )
    (fp_circle (center 0 0) (end 3.2 0) (layer Cmts.User) (width 0.15))
    (fp_circle (center 0 0) (end 3.45 0) (layer F.CrtYd) (width 0.05))
    (pad 1 np_thru_hole circle (at 0 0) (size 3.2 3.2) (drill 3.2) (layers *.Cu *.Mask F.SilkS))
  )

  (module Capacitors_SMD:C_0603 (layer F.Cu) (tedit 57A1DAEC) (tstamp 579CE016)
    (at 117.1 109.05 90)
    (descr "Capacitor SMD 0603, reflow soldering, AVX (see smccp.pdf)")
    (tags "capacitor 0603")
    (path /51E29A90)
    (attr smd)
    (fp_text reference C3 (at 2.15 0 90) (layer F.SilkS)
      (effects (font (size 0.8 0.6) (thickness 0.15)))
    )
    (fp_text value 22p (at 3.9 0 90) (layer F.SilkS)
      (effects (font (size 0.8 0.6) (thickness 0.15)))
    )
    (fp_line (start -1.45 -0.75) (end 1.45 -0.75) (layer F.CrtYd) (width 0.05))
    (fp_line (start -1.45 0.75) (end 1.45 0.75) (layer F.CrtYd) (width 0.05))
    (fp_line (start -1.45 -0.75) (end -1.45 0.75) (layer F.CrtYd) (width 0.05))
    (fp_line (start 1.45 -0.75) (end 1.45 0.75) (layer F.CrtYd) (width 0.05))
    (fp_line (start -0.35 -0.6) (end 0.35 -0.6) (layer F.SilkS) (width 0.15))
    (fp_line (start 0.35 0.6) (end -0.35 0.6) (layer F.SilkS) (width 0.15))
    (pad 1 smd rect (at -0.75 0 90) (size 0.8 0.75) (layers F.Cu F.Paste F.Mask)
      (net 4 /osc_in))
    (pad 2 smd rect (at 0.75 0 90) (size 0.8 0.75) (layers F.Cu F.Paste F.Mask)
      (net 2 GND))
    (model Capacitors_SMD.3dshapes/C_0603.wrl
      (at (xyz 0 0 0))
      (scale (xyz 1 1 1))
      (rotate (xyz 0 0 0))
    )
  )

  (module Capacitors_SMD:C_0603 (layer B.Cu) (tedit 57A1E633) (tstamp 579CE01C)
    (at 133.35 116.8)
    (descr "Capacitor SMD 0603, reflow soldering, AVX (see smccp.pdf)")
    (tags "capacitor 0603")
    (path /51E0354F)
    (attr smd)
    (fp_text reference C8 (at -2.1 0) (layer B.SilkS)
      (effects (font (size 0.8 0.6) (thickness 0.15)) (justify mirror))
    )
    (fp_text value 100n (at 0 -1.35) (layer B.SilkS)
      (effects (font (size 0.8 0.6) (thickness 0.15)) (justify mirror))
    )
    (fp_line (start -1.45 0.75) (end 1.45 0.75) (layer B.CrtYd) (width 0.05))
    (fp_line (start -1.45 -0.75) (end 1.45 -0.75) (layer B.CrtYd) (width 0.05))
    (fp_line (start -1.45 0.75) (end -1.45 -0.75) (layer B.CrtYd) (width 0.05))
    (fp_line (start 1.45 0.75) (end 1.45 -0.75) (layer B.CrtYd) (width 0.05))
    (fp_line (start -0.35 0.6) (end 0.35 0.6) (layer B.SilkS) (width 0.15))
    (fp_line (start 0.35 -0.6) (end -0.35 -0.6) (layer B.SilkS) (width 0.15))
    (pad 1 smd rect (at -0.75 0) (size 0.8 0.75) (layers B.Cu B.Paste B.Mask)
      (net 2 GND))
    (pad 2 smd rect (at 0.75 0) (size 0.8 0.75) (layers B.Cu B.Paste B.Mask)
      (net 3 +3.3V))
    (model Capacitors_SMD.3dshapes/C_0603.wrl
      (at (xyz 0 0 0))
      (scale (xyz 1 1 1))
      (rotate (xyz 0 0 0))
    )
  )

  (module Capacitors_SMD:C_0603 (layer B.Cu) (tedit 57A1E65C) (tstamp 579CE022)
    (at 128.35 116.8)
    (descr "Capacitor SMD 0603, reflow soldering, AVX (see smccp.pdf)")
    (tags "capacitor 0603")
    (path /51E0354E)
    (attr smd)
    (fp_text reference C9 (at 0 1.35) (layer B.SilkS)
      (effects (font (size 0.8 0.6) (thickness 0.15)) (justify mirror))
    )
    (fp_text value 100n (at 0 -1.35) (layer B.SilkS)
      (effects (font (size 0.8 0.6) (thickness 0.15)) (justify mirror))
    )
    (fp_line (start -1.45 0.75) (end 1.45 0.75) (layer B.CrtYd) (width 0.05))
    (fp_line (start -1.45 -0.75) (end 1.45 -0.75) (layer B.CrtYd) (width 0.05))
    (fp_line (start -1.45 0.75) (end -1.45 -0.75) (layer B.CrtYd) (width 0.05))
    (fp_line (start 1.45 0.75) (end 1.45 -0.75) (layer B.CrtYd) (width 0.05))
    (fp_line (start -0.35 0.6) (end 0.35 0.6) (layer B.SilkS) (width 0.15))
    (fp_line (start 0.35 -0.6) (end -0.35 -0.6) (layer B.SilkS) (width 0.15))
    (pad 1 smd rect (at -0.75 0) (size 0.8 0.75) (layers B.Cu B.Paste B.Mask)
      (net 2 GND))
    (pad 2 smd rect (at 0.75 0) (size 0.8 0.75) (layers B.Cu B.Paste B.Mask)
      (net 3 +3.3V))
    (model Capacitors_SMD.3dshapes/C_0603.wrl
      (at (xyz 0 0 0))
      (scale (xyz 1 1 1))
      (rotate (xyz 0 0 0))
    )
  )

  (module Capacitors_SMD:C_0603 (layer B.Cu) (tedit 57A1E6D4) (tstamp 579CE028)
    (at 123.25 116.8)
    (descr "Capacitor SMD 0603, reflow soldering, AVX (see smccp.pdf)")
    (tags "capacitor 0603")
    (path /51E0354C)
    (attr smd)
    (fp_text reference C10 (at 2.4 0) (layer B.SilkS)
      (effects (font (size 0.8 0.6) (thickness 0.15)) (justify mirror))
    )
    (fp_text value 100n (at 1.3 1.35) (layer B.SilkS)
      (effects (font (size 0.8 0.6) (thickness 0.15)) (justify mirror))
    )
    (fp_line (start -1.45 0.75) (end 1.45 0.75) (layer B.CrtYd) (width 0.05))
    (fp_line (start -1.45 -0.75) (end 1.45 -0.75) (layer B.CrtYd) (width 0.05))
    (fp_line (start -1.45 0.75) (end -1.45 -0.75) (layer B.CrtYd) (width 0.05))
    (fp_line (start 1.45 0.75) (end 1.45 -0.75) (layer B.CrtYd) (width 0.05))
    (fp_line (start -0.35 0.6) (end 0.35 0.6) (layer B.SilkS) (width 0.15))
    (fp_line (start 0.35 -0.6) (end -0.35 -0.6) (layer B.SilkS) (width 0.15))
    (pad 1 smd rect (at -0.75 0) (size 0.8 0.75) (layers B.Cu B.Paste B.Mask)
      (net 2 GND))
    (pad 2 smd rect (at 0.75 0) (size 0.8 0.75) (layers B.Cu B.Paste B.Mask)
      (net 3 +3.3V))
    (model Capacitors_SMD.3dshapes/C_0603.wrl
      (at (xyz 0 0 0))
      (scale (xyz 1 1 1))
      (rotate (xyz 0 0 0))
    )
  )

  (module Capacitors_SMD:C_0603 (layer B.Cu) (tedit 57A1E710) (tstamp 579CE02E)
    (at 121.05 112.65 270)
    (descr "Capacitor SMD 0603, reflow soldering, AVX (see smccp.pdf)")
    (tags "capacitor 0603")
    (path /51E0354D)
    (attr smd)
    (fp_text reference C11 (at -2.4 0 270) (layer B.SilkS)
      (effects (font (size 0.8 0.6) (thickness 0.15)) (justify mirror))
    )
    (fp_text value 100n (at 0 -1.4 270) (layer B.SilkS)
      (effects (font (size 0.8 0.6) (thickness 0.15)) (justify mirror))
    )
    (fp_line (start -1.45 0.75) (end 1.45 0.75) (layer B.CrtYd) (width 0.05))
    (fp_line (start -1.45 -0.75) (end 1.45 -0.75) (layer B.CrtYd) (width 0.05))
    (fp_line (start -1.45 0.75) (end -1.45 -0.75) (layer B.CrtYd) (width 0.05))
    (fp_line (start 1.45 0.75) (end 1.45 -0.75) (layer B.CrtYd) (width 0.05))
    (fp_line (start -0.35 0.6) (end 0.35 0.6) (layer B.SilkS) (width 0.15))
    (fp_line (start 0.35 -0.6) (end -0.35 -0.6) (layer B.SilkS) (width 0.15))
    (pad 1 smd rect (at -0.75 0 270) (size 0.8 0.75) (layers B.Cu B.Paste B.Mask)
      (net 2 GND))
    (pad 2 smd rect (at 0.75 0 270) (size 0.8 0.75) (layers B.Cu B.Paste B.Mask)
      (net 3 +3.3V))
    (model Capacitors_SMD.3dshapes/C_0603.wrl
      (at (xyz 0 0 0))
      (scale (xyz 1 1 1))
      (rotate (xyz 0 0 0))
    )
  )

  (module Capacitors_SMD:C_0603 (layer B.Cu) (tedit 57A1E734) (tstamp 579CE034)
    (at 121.25 107 270)
    (descr "Capacitor SMD 0603, reflow soldering, AVX (see smccp.pdf)")
    (tags "capacitor 0603")
    (path /51E0350B)
    (attr smd)
    (fp_text reference C12 (at -2.4 0 270) (layer B.SilkS)
      (effects (font (size 0.8 0.6) (thickness 0.15)) (justify mirror))
    )
    (fp_text value 100n (at 0 -1.5 270) (layer B.SilkS)
      (effects (font (size 0.8 0.6) (thickness 0.15)) (justify mirror))
    )
    (fp_line (start -1.45 0.75) (end 1.45 0.75) (layer B.CrtYd) (width 0.05))
    (fp_line (start -1.45 -0.75) (end 1.45 -0.75) (layer B.CrtYd) (width 0.05))
    (fp_line (start -1.45 0.75) (end -1.45 -0.75) (layer B.CrtYd) (width 0.05))
    (fp_line (start 1.45 0.75) (end 1.45 -0.75) (layer B.CrtYd) (width 0.05))
    (fp_line (start -0.35 0.6) (end 0.35 0.6) (layer B.SilkS) (width 0.15))
    (fp_line (start 0.35 -0.6) (end -0.35 -0.6) (layer B.SilkS) (width 0.15))
    (pad 1 smd rect (at -0.75 0 270) (size 0.8 0.75) (layers B.Cu B.Paste B.Mask)
      (net 2 GND))
    (pad 2 smd rect (at 0.75 0 270) (size 0.8 0.75) (layers B.Cu B.Paste B.Mask)
      (net 3 +3.3V))
    (model Capacitors_SMD.3dshapes/C_0603.wrl
      (at (xyz 0 0 0))
      (scale (xyz 1 1 1))
      (rotate (xyz 0 0 0))
    )
  )

  (module Capacitors_SMD:C_0603 (layer F.Cu) (tedit 57A1DB3B) (tstamp 579CE03A)
    (at 119.4 96.4 90)
    (descr "Capacitor SMD 0603, reflow soldering, AVX (see smccp.pdf)")
    (tags "capacitor 0603")
    (path /51E0352E)
    (attr smd)
    (fp_text reference C13 (at 2.45 0 90) (layer F.SilkS)
      (effects (font (size 0.8 0.6) (thickness 0.15)))
    )
    (fp_text value 100n (at 0.7 -1.35 90) (layer F.SilkS)
      (effects (font (size 0.8 0.6) (thickness 0.15)))
    )
    (fp_line (start -1.45 -0.75) (end 1.45 -0.75) (layer F.CrtYd) (width 0.05))
    (fp_line (start -1.45 0.75) (end 1.45 0.75) (layer F.CrtYd) (width 0.05))
    (fp_line (start -1.45 -0.75) (end -1.45 0.75) (layer F.CrtYd) (width 0.05))
    (fp_line (start 1.45 -0.75) (end 1.45 0.75) (layer F.CrtYd) (width 0.05))
    (fp_line (start -0.35 -0.6) (end 0.35 -0.6) (layer F.SilkS) (width 0.15))
    (fp_line (start 0.35 0.6) (end -0.35 0.6) (layer F.SilkS) (width 0.15))
    (pad 1 smd rect (at -0.75 0 90) (size 0.8 0.75) (layers F.Cu F.Paste F.Mask)
      (net 2 GND))
    (pad 2 smd rect (at 0.75 0 90) (size 0.8 0.75) (layers F.Cu F.Paste F.Mask)
      (net 3 +3.3V))
    (model Capacitors_SMD.3dshapes/C_0603.wrl
      (at (xyz 0 0 0))
      (scale (xyz 1 1 1))
      (rotate (xyz 0 0 0))
    )
  )

  (module Capacitors_SMD:C_0603 (layer B.Cu) (tedit 57A1E543) (tstamp 579CE040)
    (at 128 98.8 180)
    (descr "Capacitor SMD 0603, reflow soldering, AVX (see smccp.pdf)")
    (tags "capacitor 0603")
    (path /51E03543)
    (attr smd)
    (fp_text reference C14 (at 2.4 -0.05 180) (layer B.SilkS)
      (effects (font (size 0.8 0.6) (thickness 0.15)) (justify mirror))
    )
    (fp_text value 100n (at 0 -1.65 180) (layer B.SilkS)
      (effects (font (size 0.8 0.6) (thickness 0.15)) (justify mirror))
    )
    (fp_line (start -1.45 0.75) (end 1.45 0.75) (layer B.CrtYd) (width 0.05))
    (fp_line (start -1.45 -0.75) (end 1.45 -0.75) (layer B.CrtYd) (width 0.05))
    (fp_line (start -1.45 0.75) (end -1.45 -0.75) (layer B.CrtYd) (width 0.05))
    (fp_line (start 1.45 0.75) (end 1.45 -0.75) (layer B.CrtYd) (width 0.05))
    (fp_line (start -0.35 0.6) (end 0.35 0.6) (layer B.SilkS) (width 0.15))
    (fp_line (start 0.35 -0.6) (end -0.35 -0.6) (layer B.SilkS) (width 0.15))
    (pad 1 smd rect (at -0.75 0 180) (size 0.8 0.75) (layers B.Cu B.Paste B.Mask)
      (net 2 GND))
    (pad 2 smd rect (at 0.75 0 180) (size 0.8 0.75) (layers B.Cu B.Paste B.Mask)
      (net 3 +3.3V))
    (model Capacitors_SMD.3dshapes/C_0603.wrl
      (at (xyz 0 0 0))
      (scale (xyz 1 1 1))
      (rotate (xyz 0 0 0))
    )
  )

  (module Capacitors_SMD:C_0603 (layer B.Cu) (tedit 57A1E54D) (tstamp 579CE046)
    (at 133 98.8 180)
    (descr "Capacitor SMD 0603, reflow soldering, AVX (see smccp.pdf)")
    (tags "capacitor 0603")
    (path /51E03542)
    (attr smd)
    (fp_text reference C15 (at -2.45 0 180) (layer B.SilkS)
      (effects (font (size 0.8 0.6) (thickness 0.15)) (justify mirror))
    )
    (fp_text value 100n (at 0 -1.65 180) (layer B.SilkS)
      (effects (font (size 0.8 0.6) (thickness 0.15)) (justify mirror))
    )
    (fp_line (start -1.45 0.75) (end 1.45 0.75) (layer B.CrtYd) (width 0.05))
    (fp_line (start -1.45 -0.75) (end 1.45 -0.75) (layer B.CrtYd) (width 0.05))
    (fp_line (start -1.45 0.75) (end -1.45 -0.75) (layer B.CrtYd) (width 0.05))
    (fp_line (start 1.45 0.75) (end 1.45 -0.75) (layer B.CrtYd) (width 0.05))
    (fp_line (start -0.35 0.6) (end 0.35 0.6) (layer B.SilkS) (width 0.15))
    (fp_line (start 0.35 -0.6) (end -0.35 -0.6) (layer B.SilkS) (width 0.15))
    (pad 1 smd rect (at -0.75 0 180) (size 0.8 0.75) (layers B.Cu B.Paste B.Mask)
      (net 2 GND))
    (pad 2 smd rect (at 0.75 0 180) (size 0.8 0.75) (layers B.Cu B.Paste B.Mask)
      (net 3 +3.3V))
    (model Capacitors_SMD.3dshapes/C_0603.wrl
      (at (xyz 0 0 0))
      (scale (xyz 1 1 1))
      (rotate (xyz 0 0 0))
    )
  )

  (module Capacitors_SMD:C_0603 (layer B.Cu) (tedit 57A1E56B) (tstamp 579CE04C)
    (at 139 99.5 90)
    (descr "Capacitor SMD 0603, reflow soldering, AVX (see smccp.pdf)")
    (tags "capacitor 0603")
    (path /51E03558)
    (attr smd)
    (fp_text reference C16 (at 2.45 0 90) (layer B.SilkS)
      (effects (font (size 0.8 0.6) (thickness 0.15)) (justify mirror))
    )
    (fp_text value 100n (at 0 -1.45 90) (layer B.SilkS)
      (effects (font (size 0.8 0.6) (thickness 0.15)) (justify mirror))
    )
    (fp_line (start -1.45 0.75) (end 1.45 0.75) (layer B.CrtYd) (width 0.05))
    (fp_line (start -1.45 -0.75) (end 1.45 -0.75) (layer B.CrtYd) (width 0.05))
    (fp_line (start -1.45 0.75) (end -1.45 -0.75) (layer B.CrtYd) (width 0.05))
    (fp_line (start 1.45 0.75) (end 1.45 -0.75) (layer B.CrtYd) (width 0.05))
    (fp_line (start -0.35 0.6) (end 0.35 0.6) (layer B.SilkS) (width 0.15))
    (fp_line (start 0.35 -0.6) (end -0.35 -0.6) (layer B.SilkS) (width 0.15))
    (pad 1 smd rect (at -0.75 0 90) (size 0.8 0.75) (layers B.Cu B.Paste B.Mask)
      (net 2 GND))
    (pad 2 smd rect (at 0.75 0 90) (size 0.8 0.75) (layers B.Cu B.Paste B.Mask)
      (net 3 +3.3V))
    (model Capacitors_SMD.3dshapes/C_0603.wrl
      (at (xyz 0 0 0))
      (scale (xyz 1 1 1))
      (rotate (xyz 0 0 0))
    )
  )

  (module Capacitors_SMD:C_0603 (layer B.Cu) (tedit 57A1E59A) (tstamp 579CE052)
    (at 139 106 90)
    (descr "Capacitor SMD 0603, reflow soldering, AVX (see smccp.pdf)")
    (tags "capacitor 0603")
    (path /51E03559)
    (attr smd)
    (fp_text reference C17 (at 2.5 0 90) (layer B.SilkS)
      (effects (font (size 0.8 0.6) (thickness 0.15)) (justify mirror))
    )
    (fp_text value 100n (at 0 -1.3 90) (layer B.SilkS)
      (effects (font (size 0.8 0.6) (thickness 0.15)) (justify mirror))
    )
    (fp_line (start -1.45 0.75) (end 1.45 0.75) (layer B.CrtYd) (width 0.05))
    (fp_line (start -1.45 -0.75) (end 1.45 -0.75) (layer B.CrtYd) (width 0.05))
    (fp_line (start -1.45 0.75) (end -1.45 -0.75) (layer B.CrtYd) (width 0.05))
    (fp_line (start 1.45 0.75) (end 1.45 -0.75) (layer B.CrtYd) (width 0.05))
    (fp_line (start -0.35 0.6) (end 0.35 0.6) (layer B.SilkS) (width 0.15))
    (fp_line (start 0.35 -0.6) (end -0.35 -0.6) (layer B.SilkS) (width 0.15))
    (pad 1 smd rect (at -0.75 0 90) (size 0.8 0.75) (layers B.Cu B.Paste B.Mask)
      (net 2 GND))
    (pad 2 smd rect (at 0.75 0 90) (size 0.8 0.75) (layers B.Cu B.Paste B.Mask)
      (net 3 +3.3V))
    (model Capacitors_SMD.3dshapes/C_0603.wrl
      (at (xyz 0 0 0))
      (scale (xyz 1 1 1))
      (rotate (xyz 0 0 0))
    )
  )

  (module Capacitors_SMD:C_0603 (layer B.Cu) (tedit 57A1E5CF) (tstamp 579CE058)
    (at 138.4 111.5 90)
    (descr "Capacitor SMD 0603, reflow soldering, AVX (see smccp.pdf)")
    (tags "capacitor 0603")
    (path /51E0355B)
    (attr smd)
    (fp_text reference C18 (at 2.4 0 90) (layer B.SilkS)
      (effects (font (size 0.8 0.6) (thickness 0.15)) (justify mirror))
    )
    (fp_text value 100n (at 0 1.4 90) (layer B.SilkS)
      (effects (font (size 0.8 0.6) (thickness 0.15)) (justify mirror))
    )
    (fp_line (start -1.45 0.75) (end 1.45 0.75) (layer B.CrtYd) (width 0.05))
    (fp_line (start -1.45 -0.75) (end 1.45 -0.75) (layer B.CrtYd) (width 0.05))
    (fp_line (start -1.45 0.75) (end -1.45 -0.75) (layer B.CrtYd) (width 0.05))
    (fp_line (start 1.45 0.75) (end 1.45 -0.75) (layer B.CrtYd) (width 0.05))
    (fp_line (start -0.35 0.6) (end 0.35 0.6) (layer B.SilkS) (width 0.15))
    (fp_line (start 0.35 -0.6) (end -0.35 -0.6) (layer B.SilkS) (width 0.15))
    (pad 1 smd rect (at -0.75 0 90) (size 0.8 0.75) (layers B.Cu B.Paste B.Mask)
      (net 2 GND))
    (pad 2 smd rect (at 0.75 0 90) (size 0.8 0.75) (layers B.Cu B.Paste B.Mask)
      (net 3 +3.3V))
    (model Capacitors_SMD.3dshapes/C_0603.wrl
      (at (xyz 0 0 0))
      (scale (xyz 1 1 1))
      (rotate (xyz 0 0 0))
    )
  )

  (module Capacitors_SMD:C_0603 (layer B.Cu) (tedit 57A1E620) (tstamp 579CE05E)
    (at 137.3 116.8)
    (descr "Capacitor SMD 0603, reflow soldering, AVX (see smccp.pdf)")
    (tags "capacitor 0603")
    (path /51E0355A)
    (attr smd)
    (fp_text reference C19 (at 2.45 0) (layer B.SilkS)
      (effects (font (size 0.8 0.6) (thickness 0.15)) (justify mirror))
    )
    (fp_text value 100n (at 0 -1.35) (layer B.SilkS)
      (effects (font (size 0.8 0.6) (thickness 0.15)) (justify mirror))
    )
    (fp_line (start -1.45 0.75) (end 1.45 0.75) (layer B.CrtYd) (width 0.05))
    (fp_line (start -1.45 -0.75) (end 1.45 -0.75) (layer B.CrtYd) (width 0.05))
    (fp_line (start -1.45 0.75) (end -1.45 -0.75) (layer B.CrtYd) (width 0.05))
    (fp_line (start 1.45 0.75) (end 1.45 -0.75) (layer B.CrtYd) (width 0.05))
    (fp_line (start -0.35 0.6) (end 0.35 0.6) (layer B.SilkS) (width 0.15))
    (fp_line (start 0.35 -0.6) (end -0.35 -0.6) (layer B.SilkS) (width 0.15))
    (pad 1 smd rect (at -0.75 0) (size 0.8 0.75) (layers B.Cu B.Paste B.Mask)
      (net 2 GND))
    (pad 2 smd rect (at 0.75 0) (size 0.8 0.75) (layers B.Cu B.Paste B.Mask)
      (net 3 +3.3V))
    (model Capacitors_SMD.3dshapes/C_0603.wrl
      (at (xyz 0 0 0))
      (scale (xyz 1 1 1))
      (rotate (xyz 0 0 0))
    )
  )

  (module Capacitors_SMD:C_0603 (layer F.Cu) (tedit 57A1DAB4) (tstamp 579CE064)
    (at 117.1 111.95 270)
    (descr "Capacitor SMD 0603, reflow soldering, AVX (see smccp.pdf)")
    (tags "capacitor 0603")
    (path /51E29A9A)
    (attr smd)
    (fp_text reference C20 (at 2.4 0 270) (layer F.SilkS)
      (effects (font (size 0.8 0.6) (thickness 0.15)))
    )
    (fp_text value 22p (at 4.4 0 270) (layer F.SilkS)
      (effects (font (size 0.8 0.6) (thickness 0.15)))
    )
    (fp_line (start -1.45 -0.75) (end 1.45 -0.75) (layer F.CrtYd) (width 0.05))
    (fp_line (start -1.45 0.75) (end 1.45 0.75) (layer F.CrtYd) (width 0.05))
    (fp_line (start -1.45 -0.75) (end -1.45 0.75) (layer F.CrtYd) (width 0.05))
    (fp_line (start 1.45 -0.75) (end 1.45 0.75) (layer F.CrtYd) (width 0.05))
    (fp_line (start -0.35 -0.6) (end 0.35 -0.6) (layer F.SilkS) (width 0.15))
    (fp_line (start 0.35 0.6) (end -0.35 0.6) (layer F.SilkS) (width 0.15))
    (pad 1 smd rect (at -0.75 0 270) (size 0.8 0.75) (layers F.Cu F.Paste F.Mask)
      (net 5 /osc_out))
    (pad 2 smd rect (at 0.75 0 270) (size 0.8 0.75) (layers F.Cu F.Paste F.Mask)
      (net 2 GND))
    (model Capacitors_SMD.3dshapes/C_0603.wrl
      (at (xyz 0 0 0))
      (scale (xyz 1 1 1))
      (rotate (xyz 0 0 0))
    )
  )

  (module Capacitors_SMD:C_0603 (layer B.Cu) (tedit 57A1E5E3) (tstamp 579CE06A)
    (at 136.9 111.5 90)
    (descr "Capacitor SMD 0603, reflow soldering, AVX (see smccp.pdf)")
    (tags "capacitor 0603")
    (path /51E31FE2)
    (attr smd)
    (fp_text reference C21 (at 2.4 0 90) (layer B.SilkS)
      (effects (font (size 0.8 0.6) (thickness 0.15)) (justify mirror))
    )
    (fp_text value 4.7u (at 0 -1.45 90) (layer B.SilkS)
      (effects (font (size 0.8 0.6) (thickness 0.15)) (justify mirror))
    )
    (fp_line (start -1.45 0.75) (end 1.45 0.75) (layer B.CrtYd) (width 0.05))
    (fp_line (start -1.45 -0.75) (end 1.45 -0.75) (layer B.CrtYd) (width 0.05))
    (fp_line (start -1.45 0.75) (end -1.45 -0.75) (layer B.CrtYd) (width 0.05))
    (fp_line (start 1.45 0.75) (end 1.45 -0.75) (layer B.CrtYd) (width 0.05))
    (fp_line (start -0.35 0.6) (end 0.35 0.6) (layer B.SilkS) (width 0.15))
    (fp_line (start 0.35 -0.6) (end -0.35 -0.6) (layer B.SilkS) (width 0.15))
    (pad 1 smd rect (at -0.75 0 90) (size 0.8 0.75) (layers B.Cu B.Paste B.Mask)
      (net 2 GND))
    (pad 2 smd rect (at 0.75 0 90) (size 0.8 0.75) (layers B.Cu B.Paste B.Mask)
      (net 3 +3.3V))
    (model Capacitors_SMD.3dshapes/C_0603.wrl
      (at (xyz 0 0 0))
      (scale (xyz 1 1 1))
      (rotate (xyz 0 0 0))
    )
  )

  (module Capacitors_SMD:C_0603 (layer F.Cu) (tedit 57A1DB17) (tstamp 579CE070)
    (at 117.2 101 90)
    (descr "Capacitor SMD 0603, reflow soldering, AVX (see smccp.pdf)")
    (tags "capacitor 0603")
    (path /51E31FCA)
    (attr smd)
    (fp_text reference C22 (at 2.4 0 90) (layer F.SilkS)
      (effects (font (size 0.8 0.6) (thickness 0.15)))
    )
    (fp_text value 100n (at 0 -1.35 90) (layer F.SilkS)
      (effects (font (size 0.8 0.6) (thickness 0.15)))
    )
    (fp_line (start -1.45 -0.75) (end 1.45 -0.75) (layer F.CrtYd) (width 0.05))
    (fp_line (start -1.45 0.75) (end 1.45 0.75) (layer F.CrtYd) (width 0.05))
    (fp_line (start -1.45 -0.75) (end -1.45 0.75) (layer F.CrtYd) (width 0.05))
    (fp_line (start 1.45 -0.75) (end 1.45 0.75) (layer F.CrtYd) (width 0.05))
    (fp_line (start -0.35 -0.6) (end 0.35 -0.6) (layer F.SilkS) (width 0.15))
    (fp_line (start 0.35 0.6) (end -0.35 0.6) (layer F.SilkS) (width 0.15))
    (pad 1 smd rect (at -0.75 0 90) (size 0.8 0.75) (layers F.Cu F.Paste F.Mask)
      (net 3 +3.3V))
    (pad 2 smd rect (at 0.75 0 90) (size 0.8 0.75) (layers F.Cu F.Paste F.Mask)
      (net 2 GND))
    (model Capacitors_SMD.3dshapes/C_0603.wrl
      (at (xyz 0 0 0))
      (scale (xyz 1 1 1))
      (rotate (xyz 0 0 0))
    )
  )

  (module Capacitors_SMD:C_0603 (layer B.Cu) (tedit 57A1D886) (tstamp 579CE076)
    (at 138.7 120.6)
    (descr "Capacitor SMD 0603, reflow soldering, AVX (see smccp.pdf)")
    (tags "capacitor 0603")
    (path /51E2F4D7)
    (attr smd)
    (fp_text reference C23 (at -2.5 0) (layer B.SilkS)
      (effects (font (size 0.8 0.6) (thickness 0.15)) (justify mirror))
    )
    (fp_text value 2.2u (at 0 1.4) (layer B.SilkS)
      (effects (font (size 0.8 0.6) (thickness 0.15)) (justify mirror))
    )
    (fp_line (start -1.45 0.75) (end 1.45 0.75) (layer B.CrtYd) (width 0.05))
    (fp_line (start -1.45 -0.75) (end 1.45 -0.75) (layer B.CrtYd) (width 0.05))
    (fp_line (start -1.45 0.75) (end -1.45 -0.75) (layer B.CrtYd) (width 0.05))
    (fp_line (start 1.45 0.75) (end 1.45 -0.75) (layer B.CrtYd) (width 0.05))
    (fp_line (start -0.35 0.6) (end 0.35 0.6) (layer B.SilkS) (width 0.15))
    (fp_line (start 0.35 -0.6) (end -0.35 -0.6) (layer B.SilkS) (width 0.15))
    (pad 1 smd rect (at -0.75 0) (size 0.8 0.75) (layers B.Cu B.Paste B.Mask)
      (net 6 "Net-(C23-Pad1)"))
    (pad 2 smd rect (at 0.75 0) (size 0.8 0.75) (layers B.Cu B.Paste B.Mask)
      (net 2 GND))
    (model Capacitors_SMD.3dshapes/C_0603.wrl
      (at (xyz 0 0 0))
      (scale (xyz 1 1 1))
      (rotate (xyz 0 0 0))
    )
  )

  (module Capacitors_SMD:C_0603 (layer F.Cu) (tedit 57A1DB76) (tstamp 579CE07C)
    (at 142.6 99.1 90)
    (descr "Capacitor SMD 0603, reflow soldering, AVX (see smccp.pdf)")
    (tags "capacitor 0603")
    (path /51E2F4CE)
    (attr smd)
    (fp_text reference C24 (at -2.35 0.05 90) (layer F.SilkS)
      (effects (font (size 0.8 0.6) (thickness 0.15)))
    )
    (fp_text value 2.2u (at 0 1.4 90) (layer F.SilkS)
      (effects (font (size 0.8 0.6) (thickness 0.15)))
    )
    (fp_line (start -1.45 -0.75) (end 1.45 -0.75) (layer F.CrtYd) (width 0.05))
    (fp_line (start -1.45 0.75) (end 1.45 0.75) (layer F.CrtYd) (width 0.05))
    (fp_line (start -1.45 -0.75) (end -1.45 0.75) (layer F.CrtYd) (width 0.05))
    (fp_line (start 1.45 -0.75) (end 1.45 0.75) (layer F.CrtYd) (width 0.05))
    (fp_line (start -0.35 -0.6) (end 0.35 -0.6) (layer F.SilkS) (width 0.15))
    (fp_line (start 0.35 0.6) (end -0.35 0.6) (layer F.SilkS) (width 0.15))
    (pad 1 smd rect (at -0.75 0 90) (size 0.8 0.75) (layers F.Cu F.Paste F.Mask)
      (net 7 "Net-(C24-Pad1)"))
    (pad 2 smd rect (at 0.75 0 90) (size 0.8 0.75) (layers F.Cu F.Paste F.Mask)
      (net 2 GND))
    (model Capacitors_SMD.3dshapes/C_0603.wrl
      (at (xyz 0 0 0))
      (scale (xyz 1 1 1))
      (rotate (xyz 0 0 0))
    )
  )

  (module Capacitors_SMD:C_0603 (layer B.Cu) (tedit 57A1E7C4) (tstamp 579CE082)
    (at 120.4 116.25)
    (descr "Capacitor SMD 0603, reflow soldering, AVX (see smccp.pdf)")
    (tags "capacitor 0603")
    (path /51E32464)
    (attr smd)
    (fp_text reference C25 (at -0.55 -1.35) (layer B.SilkS)
      (effects (font (size 0.8 0.6) (thickness 0.15)) (justify mirror))
    )
    (fp_text value 100n (at 1.6 -1.3) (layer B.SilkS)
      (effects (font (size 0.8 0.6) (thickness 0.15)) (justify mirror))
    )
    (fp_line (start -1.45 0.75) (end 1.45 0.75) (layer B.CrtYd) (width 0.05))
    (fp_line (start -1.45 -0.75) (end 1.45 -0.75) (layer B.CrtYd) (width 0.05))
    (fp_line (start -1.45 0.75) (end -1.45 -0.75) (layer B.CrtYd) (width 0.05))
    (fp_line (start 1.45 0.75) (end 1.45 -0.75) (layer B.CrtYd) (width 0.05))
    (fp_line (start -0.35 0.6) (end 0.35 0.6) (layer B.SilkS) (width 0.15))
    (fp_line (start 0.35 -0.6) (end -0.35 -0.6) (layer B.SilkS) (width 0.15))
    (pad 1 smd rect (at -0.75 0) (size 0.8 0.75) (layers B.Cu B.Paste B.Mask)
      (net 8 /3V3_adc))
    (pad 2 smd rect (at 0.75 0) (size 0.8 0.75) (layers B.Cu B.Paste B.Mask)
      (net 2 GND))
    (model Capacitors_SMD.3dshapes/C_0603.wrl
      (at (xyz 0 0 0))
      (scale (xyz 1 1 1))
      (rotate (xyz 0 0 0))
    )
  )

  (module Capacitors_SMD:C_0603 (layer B.Cu) (tedit 57A1E6C8) (tstamp 579CE088)
    (at 120.4 118.4)
    (descr "Capacitor SMD 0603, reflow soldering, AVX (see smccp.pdf)")
    (tags "capacitor 0603")
    (path /51E3245F)
    (attr smd)
    (fp_text reference C26 (at 1.35 1.35) (layer B.SilkS)
      (effects (font (size 0.8 0.6) (thickness 0.15)) (justify mirror))
    )
    (fp_text value 1u (at -0.65 1.35) (layer B.SilkS)
      (effects (font (size 0.8 0.6) (thickness 0.15)) (justify mirror))
    )
    (fp_line (start -1.45 0.75) (end 1.45 0.75) (layer B.CrtYd) (width 0.05))
    (fp_line (start -1.45 -0.75) (end 1.45 -0.75) (layer B.CrtYd) (width 0.05))
    (fp_line (start -1.45 0.75) (end -1.45 -0.75) (layer B.CrtYd) (width 0.05))
    (fp_line (start 1.45 0.75) (end 1.45 -0.75) (layer B.CrtYd) (width 0.05))
    (fp_line (start -0.35 0.6) (end 0.35 0.6) (layer B.SilkS) (width 0.15))
    (fp_line (start 0.35 -0.6) (end -0.35 -0.6) (layer B.SilkS) (width 0.15))
    (pad 1 smd rect (at -0.75 0) (size 0.8 0.75) (layers B.Cu B.Paste B.Mask)
      (net 8 /3V3_adc))
    (pad 2 smd rect (at 0.75 0) (size 0.8 0.75) (layers B.Cu B.Paste B.Mask)
      (net 2 GND))
    (model Capacitors_SMD.3dshapes/C_0603.wrl
      (at (xyz 0 0 0))
      (scale (xyz 1 1 1))
      (rotate (xyz 0 0 0))
    )
  )

  (module Capacitors_SMD:C_0603 (layer B.Cu) (tedit 57A1E771) (tstamp 579CE08E)
    (at 117.55 115.55 180)
    (descr "Capacitor SMD 0603, reflow soldering, AVX (see smccp.pdf)")
    (tags "capacitor 0603")
    (path /51E323F3)
    (attr smd)
    (fp_text reference C27 (at 2.4 0 180) (layer B.SilkS)
      (effects (font (size 0.8 0.6) (thickness 0.15)) (justify mirror))
    )
    (fp_text value 100n (at 0 1.3 180) (layer B.SilkS)
      (effects (font (size 0.8 0.6) (thickness 0.15)) (justify mirror))
    )
    (fp_line (start -1.45 0.75) (end 1.45 0.75) (layer B.CrtYd) (width 0.05))
    (fp_line (start -1.45 -0.75) (end 1.45 -0.75) (layer B.CrtYd) (width 0.05))
    (fp_line (start -1.45 0.75) (end -1.45 -0.75) (layer B.CrtYd) (width 0.05))
    (fp_line (start 1.45 0.75) (end 1.45 -0.75) (layer B.CrtYd) (width 0.05))
    (fp_line (start -0.35 0.6) (end 0.35 0.6) (layer B.SilkS) (width 0.15))
    (fp_line (start 0.35 -0.6) (end -0.35 -0.6) (layer B.SilkS) (width 0.15))
    (pad 1 smd rect (at -0.75 0 180) (size 0.8 0.75) (layers B.Cu B.Paste B.Mask)
      (net 8 /3V3_adc))
    (pad 2 smd rect (at 0.75 0 180) (size 0.8 0.75) (layers B.Cu B.Paste B.Mask)
      (net 2 GND))
    (model Capacitors_SMD.3dshapes/C_0603.wrl
      (at (xyz 0 0 0))
      (scale (xyz 1 1 1))
      (rotate (xyz 0 0 0))
    )
  )

  (module Capacitors_SMD:C_0603 (layer B.Cu) (tedit 57A1E75A) (tstamp 579CE094)
    (at 117.55 117.05 180)
    (descr "Capacitor SMD 0603, reflow soldering, AVX (see smccp.pdf)")
    (tags "capacitor 0603")
    (path /51E32404)
    (attr smd)
    (fp_text reference C28 (at 2.4 0 180) (layer B.SilkS)
      (effects (font (size 0.8 0.6) (thickness 0.15)) (justify mirror))
    )
    (fp_text value 1u (at 1.2 -1.35 180) (layer B.SilkS)
      (effects (font (size 0.8 0.6) (thickness 0.15)) (justify mirror))
    )
    (fp_line (start -1.45 0.75) (end 1.45 0.75) (layer B.CrtYd) (width 0.05))
    (fp_line (start -1.45 -0.75) (end 1.45 -0.75) (layer B.CrtYd) (width 0.05))
    (fp_line (start -1.45 0.75) (end -1.45 -0.75) (layer B.CrtYd) (width 0.05))
    (fp_line (start 1.45 0.75) (end 1.45 -0.75) (layer B.CrtYd) (width 0.05))
    (fp_line (start -0.35 0.6) (end 0.35 0.6) (layer B.SilkS) (width 0.15))
    (fp_line (start 0.35 -0.6) (end -0.35 -0.6) (layer B.SilkS) (width 0.15))
    (pad 1 smd rect (at -0.75 0 180) (size 0.8 0.75) (layers B.Cu B.Paste B.Mask)
      (net 8 /3V3_adc))
    (pad 2 smd rect (at 0.75 0 180) (size 0.8 0.75) (layers B.Cu B.Paste B.Mask)
      (net 2 GND))
    (model Capacitors_SMD.3dshapes/C_0603.wrl
      (at (xyz 0 0 0))
      (scale (xyz 1 1 1))
      (rotate (xyz 0 0 0))
    )
  )

  (module Capacitors_SMD:C_0603 (layer F.Cu) (tedit 57A1D636) (tstamp 579CE09A)
    (at 116.9 87.1 90)
    (descr "Capacitor SMD 0603, reflow soldering, AVX (see smccp.pdf)")
    (tags "capacitor 0603")
    (path /51E39DB5)
    (attr smd)
    (fp_text reference C29 (at -2.5 0 90) (layer F.SilkS)
      (effects (font (size 0.8 0.6) (thickness 0.15)))
    )
    (fp_text value 100n (at 0 1.4 270) (layer F.SilkS)
      (effects (font (size 0.8 0.6) (thickness 0.15)))
    )
    (fp_line (start -1.45 -0.75) (end 1.45 -0.75) (layer F.CrtYd) (width 0.05))
    (fp_line (start -1.45 0.75) (end 1.45 0.75) (layer F.CrtYd) (width 0.05))
    (fp_line (start -1.45 -0.75) (end -1.45 0.75) (layer F.CrtYd) (width 0.05))
    (fp_line (start 1.45 -0.75) (end 1.45 0.75) (layer F.CrtYd) (width 0.05))
    (fp_line (start -0.35 -0.6) (end 0.35 -0.6) (layer F.SilkS) (width 0.15))
    (fp_line (start 0.35 0.6) (end -0.35 0.6) (layer F.SilkS) (width 0.15))
    (pad 1 smd rect (at -0.75 0 90) (size 0.8 0.75) (layers F.Cu F.Paste F.Mask)
      (net 1 /nrst))
    (pad 2 smd rect (at 0.75 0 90) (size 0.8 0.75) (layers F.Cu F.Paste F.Mask)
      (net 2 GND))
    (model Capacitors_SMD.3dshapes/C_0603.wrl
      (at (xyz 0 0 0))
      (scale (xyz 1 1 1))
      (rotate (xyz 0 0 0))
    )
  )

  (module LEDs:LED_0603 (layer F.Cu) (tedit 57A1D5A6) (tstamp 579CE0A6)
    (at 167.45 85.45 180)
    (descr "LED 0603 smd package")
    (tags "LED led 0603 SMD smd SMT smt smdled SMDLED smtled SMTLED")
    (path /51E9B65E)
    (attr smd)
    (fp_text reference D1 (at -2.05 0 180) (layer F.SilkS)
      (effects (font (size 0.8 0.6) (thickness 0.15)))
    )
    (fp_text value SML-211UTT86 (at 0 1.5 180) (layer F.Fab) hide
      (effects (font (size 1 1) (thickness 0.15)))
    )
    (fp_line (start -1.1 0.55) (end 0.8 0.55) (layer F.SilkS) (width 0.15))
    (fp_line (start -1.1 -0.55) (end 0.8 -0.55) (layer F.SilkS) (width 0.15))
    (fp_line (start -0.2 0) (end 0.25 0) (layer F.SilkS) (width 0.15))
    (fp_line (start -0.25 -0.25) (end -0.25 0.25) (layer F.SilkS) (width 0.15))
    (fp_line (start -0.25 0) (end 0 -0.25) (layer F.SilkS) (width 0.15))
    (fp_line (start 0 -0.25) (end 0 0.25) (layer F.SilkS) (width 0.15))
    (fp_line (start 0 0.25) (end -0.25 0) (layer F.SilkS) (width 0.15))
    (fp_line (start 1.4 -0.75) (end 1.4 0.75) (layer F.CrtYd) (width 0.05))
    (fp_line (start 1.4 0.75) (end -1.4 0.75) (layer F.CrtYd) (width 0.05))
    (fp_line (start -1.4 0.75) (end -1.4 -0.75) (layer F.CrtYd) (width 0.05))
    (fp_line (start -1.4 -0.75) (end 1.4 -0.75) (layer F.CrtYd) (width 0.05))
    (pad 2 smd rect (at 0.7493 0) (size 0.79756 0.79756) (layers F.Cu F.Paste F.Mask)
      (net 2 GND))
    (pad 1 smd rect (at -0.7493 0) (size 0.79756 0.79756) (layers F.Cu F.Paste F.Mask)
      (net 9 "Net-(D1-Pad1)"))
    (model LEDs.3dshapes/LED_0603.wrl
      (at (xyz 0 0 0))
      (scale (xyz 1 1 1))
      (rotate (xyz 0 0 180))
    )
  )

  (module LEDs:LED_0603 (layer F.Cu) (tedit 57A1D553) (tstamp 579CE0AC)
