(kicad_pcb (version 4) (host pcbnew "(2016-03-23 BZR 6647, Git bc699c8)-product")

  (general
    (links 158)
    (no_connects 121)
    (area 96.9534 97.1001 177.60146 134.4399)
    (thickness 1.6)
    (drawings 4)
    (tracks 309)
    (zones 0)
    (modules 40)
    (nets 146)
  )

  (page A4)
  (layers
    (0 F.Cu jumper)
    (31 B.Cu signal)
    (32 B.Adhes user)
    (33 F.Adhes user)
    (34 B.Paste user)
    (35 F.Paste user)
    (36 B.SilkS user)
    (37 F.SilkS user)
    (38 B.Mask user)
    (39 F.Mask user)
    (40 Dwgs.User user)
    (41 Cmts.User user)
    (42 Eco1.User user)
    (43 Eco2.User user)
    (44 Edge.Cuts user)
    (45 Margin user)
    (46 B.CrtYd user)
    (47 F.CrtYd user)
    (48 B.Fab user)
    (49 F.Fab user)
  )

  (setup
    (last_trace_width 0.1524)
    (user_trace_width 0.2032)
    (user_trace_width 0.254)
    (user_trace_width 0.381)
    (user_trace_width 0.508)
    (user_trace_width 1.016)
    (trace_clearance 0.1524)
    (zone_clearance 0.508)
    (zone_45_only no)
    (trace_min 0.1524)
    (segment_width 0.2)
    (edge_width 0.15)
    (via_size 0.635)
    (via_drill 0.3048)
    (via_min_size 0.635)
    (via_min_drill 0.3048)
    (uvia_size 0.3)
    (uvia_drill 0.1)
    (uvias_allowed no)
    (uvia_min_size 0)
    (uvia_min_drill 0)
    (pcb_text_width 0.3)
    (pcb_text_size 1.5 1.5)
    (mod_edge_width 0.15)
    (mod_text_size 0.000001 0.000001)
    (mod_text_width 0.15)
    (pad_size 1.4 1.4)
    (pad_drill 0.6)
    (pad_to_mask_clearance 0.2)
    (aux_axis_origin 0 0)
    (visible_elements FFFFFF7F)
    (pcbplotparams
      (layerselection 0x00030_ffffffff)
      (usegerberextensions false)
      (excludeedgelayer true)
      (linewidth 0.100000)
      (plotframeref false)
      (viasonmask false)
      (mode 1)
      (useauxorigin false)
      (hpglpennumber 1)
      (hpglpenspeed 20)
      (hpglpendiameter 15)
      (psnegative false)
      (psa4output false)
      (plotreference true)
      (plotvalue true)
      (plotinvisibletext false)
      (padsonsilk false)
      (subtractmaskfromsilk false)
      (outputformat 1)
      (mirror false)
      (drillshape 1)
      (scaleselection 1)
      (outputdirectory ""))
  )

  (net 0 "")
  (net 1 /nrst)
  (net 2 GND)
  (net 3 +3.3V)
  (net 4 /osc_in)
  (net 5 /osc_out)
  (net 6 "Net-(C23-Pad1)")
  (net 7 "Net-(C24-Pad1)")
  (net 8 /3V3_adc)
  (net 9 "Net-(D1-Pad1)")
  (net 10 "Net-(D2-Pad1)")
  (net 11 /usb_5v)
  (net 12 "Net-(L1-Pad2)")
  (net 13 /swdio)
  (net 14 /swo)
  (net 15 "Net-(P6-Pad2)")
  (net 16 /usb_dm)
  (net 17 /usb_dp)
  (net 18 /usb_id)
  (net 19 /sd_d3)
  (net 20 /sd_cmd)
  (net 21 /sd_clk)
  (net 22 /sd_d0)
  (net 23 /sd_d1)
  (net 24 /sd_d2)
  (net 25 /sd_cd)
  (net 26 /sd_wp)
  (net 27 /user_led)
  (net 28 /pe2)
  (net 29 /sram_a19)
  (net 30 /sram_a20)
  (net 31 /pe5)
  (net 32 /pe6)
  (net 33 /pc15)
  (net 34 /sram_a0)
  (net 35 /sram_a1)
  (net 36 /sram_a2)
  (net 37 /sram_a3)
  (net 38 /sram_a4)
  (net 39 /sram_a5)
  (net 40 /pf6)
  (net 41 /pf7)
  (net 42 /pf8)
  (net 43 /pf9)
  (net 44 /pf10)
  (net 45 /pc0)
  (net 46 /pc1)
  (net 47 /pc2)
  (net 48 /pc3)
  (net 49 /pa0)
  (net 50 /pa1)
  (net 51 /pa2)
  (net 52 /sram_d10)
  (net 53 /sram_d11)
  (net 54 /sram_d12)
  (net 55 /pb10)
  (net 56 /pb11)
  (net 57 /sram_d2)
  (net 58 /sram_d3)
  (net 59 /pd3)
  (net 60 /sram_oe)
  (net 61 /sram_we)
  (net 62 /pd6)
  (net 63 /sram1_ce)
  (net 64 /sram2_ce)
  (net 65 /sram3_ce)
  (net 66 /pg11)
  (net 67 /sram4_ce)
  (net 68 /pg13)
  (net 69 /pg14)
  (net 70 /pb4)
  (net 71 /pb5)
  (net 72 /pb6)
  (net 73 /pb7)
  (net 74 /pb8)
  (net 75 /pb9)
  (net 76 /sram_ble)
  (net 77 /sram_bhe)
  (net 78 /pa3)
  (net 79 /pa4)
  (net 80 /pa5)
  (net 81 /pa6)
  (net 82 /pa7)
  (net 83 /pc4)
  (net 84 /pc5)
  (net 85 /pb0)
  (net 86 /pb1)
  (net 87 /pb2)
  (net 88 /pf11)
  (net 89 /sram_a6)
  (net 90 /sram_a7)
  (net 91 /sram_a8)
  (net 92 /sram_a9)
  (net 93 /sram_a10)
  (net 94 /sram_a11)
  (net 95 /sram_d4)
  (net 96 /sram_d5)
  (net 97 /sram_d6)
  (net 98 /sram_d7)
  (net 99 /sram_d8)
  (net 100 /sram_d9)
  (net 101 /sram_d14)
  (net 102 /sram_d15)
  (net 103 /sram_a16)
  (net 104 /sram_a17)
  (net 105 /sram_a18)
  (net 106 /sram_d0)
  (net 107 /sram_d1)
  (net 108 /sram_a12)
  (net 109 /sram_a13)
  (net 110 /sram_a14)
  (net 111 /sram_a15)
  (net 112 /pg6)
  (net 113 /pg7)
  (net 114 /pg8)
  (net 115 /pc6)
  (net 116 /pc7)
  (net 117 /pa8)
  (net 118 /pa9)
  (net 119 /pb12)
  (net 120 /pb13)
  (net 121 /pb14)
  (net 122 /pb15)
  (net 123 /sram_d13)
  (net 124 /pa15)
  (net 125 /fpga_io1)
  (net 126 /fpga_io2)
  (net 127 "Net-(P4-Pad11)")
  (net 128 "Net-(P5-Pad7)")
  (net 129 "Net-(P5-Pad8)")
  (net 130 "Net-(P5-Pad9)")
  (net 131 "Net-(P5-Pad10)")
  (net 132 "Net-(P5-Pad11)")
  (net 133 "Net-(P5-Pad12)")
  (net 134 "Net-(P6-Pad1)")
  (net 135 "Net-(P6-Pad3)")
  (net 136 "Net-(P6-Pad4)")
  (net 137 "Net-(P6-Pad5)")
  (net 138 "Net-(P6-Pad6)")
  (net 139 "Net-(P6-Pad7)")
  (net 140 "Net-(P6-Pad8)")
  (net 141 "Net-(P6-Pad9)")
  (net 142 "Net-(P6-Pad10)")
  (net 143 "Net-(P6-Pad11)")
  (net 144 "Net-(P6-Pad12)")
  (net 145 /swclk)

  (net_class Default "This is the default net class."
    (clearance 0.1524)
    (trace_width 0.1524)
    (via_dia 0.635)
    (via_drill 0.3048)
    (uvia_dia 0.3)
    (uvia_drill 0.1)
    (add_net +3.3V)
    (add_net /3V3_adc)
    (add_net /fpga_io1)
    (add_net /fpga_io2)
    (add_net /nrst)
    (add_net /osc_in)
    (add_net /osc_out)
    (add_net /pa0)
    (add_net /pa1)
    (add_net /pa15)
    (add_net /pa2)
    (add_net /pa3)
    (add_net /pa4)
    (add_net /pa5)
    (add_net /pa6)
    (add_net /pa7)
    (add_net /pa8)
    (add_net /pa9)
    (add_net /pb0)
    (add_net /pb1)
    (add_net /pb10)
    (add_net /pb11)
    (add_net /pb12)
    (add_net /pb13)
    (add_net /pb14)
    (add_net /pb15)
    (add_net /pb2)
    (add_net /pb4)
    (add_net /pb5)
    (add_net /pb6)
    (add_net /pb7)
    (add_net /pb8)
    (add_net /pb9)
    (add_net /pc0)
    (add_net /pc1)
    (add_net /pc15)
    (add_net /pc2)
    (add_net /pc3)
    (add_net /pc4)
    (add_net /pc5)
    (add_net /pc6)
    (add_net /pc7)
    (add_net /pd3)
    (add_net /pd6)
    (add_net /pe2)
    (add_net /pe5)
    (add_net /pe6)
    (add_net /pf10)
    (add_net /pf11)
    (add_net /pf6)
    (add_net /pf7)
    (add_net /pf8)
    (add_net /pf9)
    (add_net /pg11)
    (add_net /pg13)
    (add_net /pg14)
    (add_net /pg6)
    (add_net /pg7)
    (add_net /pg8)
    (add_net /sd_cd)
    (add_net /sd_clk)
    (add_net /sd_cmd)
    (add_net /sd_d0)
    (add_net /sd_d1)
    (add_net /sd_d2)
    (add_net /sd_d3)
    (add_net /sd_wp)
    (add_net /sram1_ce)
    (add_net /sram2_ce)
    (add_net /sram3_ce)
    (add_net /sram4_ce)
    (add_net /sram_a0)
    (add_net /sram_a1)
    (add_net /sram_a10)
    (add_net /sram_a11)
    (add_net /sram_a12)
    (add_net /sram_a13)
    (add_net /sram_a14)
    (add_net /sram_a15)
    (add_net /sram_a16)
    (add_net /sram_a17)
    (add_net /sram_a18)
    (add_net /sram_a19)
    (add_net /sram_a2)
    (add_net /sram_a20)
    (add_net /sram_a3)
    (add_net /sram_a4)
    (add_net /sram_a5)
    (add_net /sram_a6)
    (add_net /sram_a7)
    (add_net /sram_a8)
    (add_net /sram_a9)
    (add_net /sram_bhe)
    (add_net /sram_ble)
    (add_net /sram_d0)
    (add_net /sram_d1)
    (add_net /sram_d10)
    (add_net /sram_d11)
    (add_net /sram_d12)
    (add_net /sram_d13)
    (add_net /sram_d14)
    (add_net /sram_d15)
    (add_net /sram_d2)
    (add_net /sram_d3)
    (add_net /sram_d4)
    (add_net /sram_d5)
    (add_net /sram_d6)
    (add_net /sram_d7)
    (add_net /sram_d8)
    (add_net /sram_d9)
    (add_net /sram_oe)
    (add_net /sram_we)
    (add_net /swclk)
    (add_net /swdio)
    (add_net /swo)
    (add_net /usb_5v)
    (add_net /usb_dm)
    (add_net /usb_dp)
    (add_net /usb_id)
    (add_net /user_led)
    (add_net GND)
    (add_net "Net-(C23-Pad1)")
    (add_net "Net-(C24-Pad1)")
    (add_net "Net-(D1-Pad1)")
    (add_net "Net-(D2-Pad1)")
    (add_net "Net-(L1-Pad2)")
    (add_net "Net-(P4-Pad11)")
    (add_net "Net-(P5-Pad10)")
    (add_net "Net-(P5-Pad11)")
    (add_net "Net-(P5-Pad12)")
    (add_net "Net-(P5-Pad7)")
    (add_net "Net-(P5-Pad8)")
    (add_net "Net-(P5-Pad9)")
    (add_net "Net-(P6-Pad1)")
    (add_net "Net-(P6-Pad10)")
    (add_net "Net-(P6-Pad11)")
    (add_net "Net-(P6-Pad12)")
    (add_net "Net-(P6-Pad2)")
    (add_net "Net-(P6-Pad3)")
    (add_net "Net-(P6-Pad4)")
    (add_net "Net-(P6-Pad5)")
    (add_net "Net-(P6-Pad6)")
    (add_net "Net-(P6-Pad7)")
    (add_net "Net-(P6-Pad8)")
    (add_net "Net-(P6-Pad9)")
  )

  (module knielsenlib:SWITCH_FSMJSMA (layer B.Cu) (tedit 51EA6550) (tstamp 579CE004)
    (at 169.3 127.6 90)
    (path /51EA62D5)
    (fp_text reference B1 (at 0 -6.90118 90) (layer B.SilkS) hide
      (effects (font (size 0.7493 0.7493) (thickness 0.14986)) (justify mirror))
    )
    (fp_text value SWITCH_4PIN (at 0 6.70052 90) (layer B.SilkS)
      (effects (font (size 0.7493 0.7493) (thickness 0.14986)) (justify mirror))
    )
    (pad 1 smd rect (at 2.25044 4.54914 90) (size 1.39954 2.10058) (layers B.Cu B.Paste B.Mask)
      (net 1 /nrst))
    (pad 2 smd rect (at 2.25044 -4.54914 90) (size 1.39954 2.10058) (layers B.Cu B.Paste B.Mask)
      (net 1 /nrst))
    (pad 3 smd rect (at -2.25044 4.54914 90) (size 1.39954 2.10058) (layers B.Cu B.Paste B.Mask)
      (net 2 GND))
    (pad 4 smd rect (at -2.25044 -4.54914 90) (size 1.39954 2.10058) (layers B.Cu B.Paste B.Mask)
      (net 2 GND))
    (model walter/switch/pcb_push.wrl
      (at (xyz 0 0 0))
      (scale (xyz 1 1 1))
      (rotate (xyz 0 0 0))
    )
  )

  (module Capacitors_SMD:C_0603 (layer F.Cu) (tedit 5415D631) (tstamp 579CE016)
    (at 166.8 117.4 270)
    (descr "Capacitor SMD 0603, reflow soldering, AVX (see smccp.pdf)")
    (tags "capacitor 0603")
    (path /51E29A90)
    (attr smd)
    (fp_text reference C3 (at 0 -1.9 270) (layer F.SilkS)
      (effects (font (size 1 1) (thickness 0.15)))
    )
    (fp_text value 22p (at 0 1.9 270) (layer F.Fab)
      (effects (font (size 1 1) (thickness 0.15)))
    )
    (fp_line (start -1.45 -0.75) (end 1.45 -0.75) (layer F.CrtYd) (width 0.05))
    (fp_line (start -1.45 0.75) (end 1.45 0.75) (layer F.CrtYd) (width 0.05))
    (fp_line (start -1.45 -0.75) (end -1.45 0.75) (layer F.CrtYd) (width 0.05))
    (fp_line (start 1.45 -0.75) (end 1.45 0.75) (layer F.CrtYd) (width 0.05))
    (fp_line (start -0.35 -0.6) (end 0.35 -0.6) (layer F.SilkS) (width 0.15))
    (fp_line (start 0.35 0.6) (end -0.35 0.6) (layer F.SilkS) (width 0.15))
    (pad 1 smd rect (at -0.75 0 270) (size 0.8 0.75) (layers F.Cu F.Paste F.Mask)
      (net 4 /osc_in))
    (pad 2 smd rect (at 0.75 0 270) (size 0.8 0.75) (layers F.Cu F.Paste F.Mask)
      (net 2 GND))
    (model Capacitors_SMD.3dshapes/C_0603.wrl
      (at (xyz 0 0 0))
      (scale (xyz 1 1 1))
      (rotate (xyz 0 0 0))
    )
  )

  (module Capacitors_SMD:C_0603 (layer B.Cu) (tedit 5415D631) (tstamp 579CE01C)
    (at 149.25 109.9 180)
    (descr "Capacitor SMD 0603, reflow soldering, AVX (see smccp.pdf)")
    (tags "capacitor 0603")
    (path /51E0354F)
    (attr smd)
    (fp_text reference C8 (at 0 1.9 180) (layer B.SilkS)
      (effects (font (size 1 1) (thickness 0.15)) (justify mirror))
    )
    (fp_text value 100n (at 0 -1.9 180) (layer B.Fab)
      (effects (font (size 1 1) (thickness 0.15)) (justify mirror))
    )
    (fp_line (start -1.45 0.75) (end 1.45 0.75) (layer B.CrtYd) (width 0.05))
    (fp_line (start -1.45 -0.75) (end 1.45 -0.75) (layer B.CrtYd) (width 0.05))
    (fp_line (start -1.45 0.75) (end -1.45 -0.75) (layer B.CrtYd) (width 0.05))
    (fp_line (start 1.45 0.75) (end 1.45 -0.75) (layer B.CrtYd) (width 0.05))
    (fp_line (start -0.35 0.6) (end 0.35 0.6) (layer B.SilkS) (width 0.15))
    (fp_line (start 0.35 -0.6) (end -0.35 -0.6) (layer B.SilkS) (width 0.15))
    (pad 1 smd rect (at -0.75 0 180) (size 0.8 0.75) (layers B.Cu B.Paste B.Mask)
      (net 2 GND))
    (pad 2 smd rect (at 0.75 0 180) (size 0.8 0.75) (layers B.Cu B.Paste B.Mask)
      (net 3 +3.3V))
    (model Capacitors_SMD.3dshapes/C_0603.wrl
      (at (xyz 0 0 0))
      (scale (xyz 1 1 1))
      (rotate (xyz 0 0 0))
    )
  )

  (module Capacitors_SMD:C_0603 (layer B.Cu) (tedit 5415D631) (tstamp 579CE022)
    (at 153.7 109.8 180)
    (descr "Capacitor SMD 0603, reflow soldering, AVX (see smccp.pdf)")
    (tags "capacitor 0603")
    (path /51E0354E)
    (attr smd)
    (fp_text reference C9 (at 0 1.9 180) (layer B.SilkS)
      (effects (font (size 1 1) (thickness 0.15)) (justify mirror))
    )
    (fp_text value 100n (at 0 -1.9 180) (layer B.Fab)
      (effects (font (size 1 1) (thickness 0.15)) (justify mirror))
    )
    (fp_line (start -1.45 0.75) (end 1.45 0.75) (layer B.CrtYd) (width 0.05))
    (fp_line (start -1.45 -0.75) (end 1.45 -0.75) (layer B.CrtYd) (width 0.05))
    (fp_line (start -1.45 0.75) (end -1.45 -0.75) (layer B.CrtYd) (width 0.05))
    (fp_line (start 1.45 0.75) (end 1.45 -0.75) (layer B.CrtYd) (width 0.05))
    (fp_line (start -0.35 0.6) (end 0.35 0.6) (layer B.SilkS) (width 0.15))
    (fp_line (start 0.35 -0.6) (end -0.35 -0.6) (layer B.SilkS) (width 0.15))
    (pad 1 smd rect (at -0.75 0 180) (size 0.8 0.75) (layers B.Cu B.Paste B.Mask)
      (net 2 GND))
    (pad 2 smd rect (at 0.75 0 180) (size 0.8 0.75) (layers B.Cu B.Paste B.Mask)
      (net 3 +3.3V))
    (model Capacitors_SMD.3dshapes/C_0603.wrl
      (at (xyz 0 0 0))
      (scale (xyz 1 1 1))
      (rotate (xyz 0 0 0))
    )
  )

  (module Capacitors_SMD:C_0603 (layer B.Cu) (tedit 5415D631) (tstamp 579CE028)
    (at 160.1 109.8 180)
    (descr "Capacitor SMD 0603, reflow soldering, AVX (see smccp.pdf)")
    (tags "capacitor 0603")
    (path /51E0354C)
    (attr smd)
    (fp_text reference C10 (at 0 1.9 180) (layer B.SilkS)
      (effects (font (size 1 1) (thickness 0.15)) (justify mirror))
    )
    (fp_text value 100n (at 0 -1.9 180) (layer B.Fab)
      (effects (font (size 1 1) (thickness 0.15)) (justify mirror))
    )
    (fp_line (start -1.45 0.75) (end 1.45 0.75) (layer B.CrtYd) (width 0.05))
    (fp_line (start -1.45 -0.75) (end 1.45 -0.75) (layer B.CrtYd) (width 0.05))
    (fp_line (start -1.45 0.75) (end -1.45 -0.75) (layer B.CrtYd) (width 0.05))
    (fp_line (start 1.45 0.75) (end 1.45 -0.75) (layer B.CrtYd) (width 0.05))
    (fp_line (start -0.35 0.6) (end 0.35 0.6) (layer B.SilkS) (width 0.15))
    (fp_line (start 0.35 -0.6) (end -0.35 -0.6) (layer B.SilkS) (width 0.15))
    (pad 1 smd rect (at -0.75 0 180) (size 0.8 0.75) (layers B.Cu B.Paste B.Mask)
      (net 2 GND))
    (pad 2 smd rect (at 0.75 0 180) (size 0.8 0.75) (layers B.Cu B.Paste B.Mask)
      (net 3 +3.3V))
    (model Capacitors_SMD.3dshapes/C_0603.wrl
      (at (xyz 0 0 0))
      (scale (xyz 1 1 1))
      (rotate (xyz 0 0 0))
    )
  )

  (module Capacitors_SMD:C_0603 (layer B.Cu) (tedit 5415D631) (tstamp 579CE02E)
    (at 160.75 112.65 270)
    (descr "Capacitor SMD 0603, reflow soldering, AVX (see smccp.pdf)")
    (tags "capacitor 0603")
    (path /51E0354D)
    (attr smd)
    (fp_text reference C11 (at 0 1.9 270) (layer B.SilkS)
      (effects (font (size 1 1) (thickness 0.15)) (justify mirror))
    )
    (fp_text value 100n (at 0 -1.9 270) (layer B.Fab)
      (effects (font (size 1 1) (thickness 0.15)) (justify mirror))
    )
    (fp_line (start -1.45 0.75) (end 1.45 0.75) (layer B.CrtYd) (width 0.05))
    (fp_line (start -1.45 -0.75) (end 1.45 -0.75) (layer B.CrtYd) (width 0.05))
    (fp_line (start -1.45 0.75) (end -1.45 -0.75) (layer B.CrtYd) (width 0.05))
    (fp_line (start 1.45 0.75) (end 1.45 -0.75) (layer B.CrtYd) (width 0.05))
    (fp_line (start -0.35 0.6) (end 0.35 0.6) (layer B.SilkS) (width 0.15))
    (fp_line (start 0.35 -0.6) (end -0.35 -0.6) (layer B.SilkS) (width 0.15))
    (pad 1 smd rect (at -0.75 0 270) (size 0.8 0.75) (layers B.Cu B.Paste B.Mask)
      (net 2 GND))
    (pad 2 smd rect (at 0.75 0 270) (size 0.8 0.75) (layers B.Cu B.Paste B.Mask)
      (net 3 +3.3V))
    (model Capacitors_SMD.3dshapes/C_0603.wrl
      (at (xyz 0 0 0))
      (scale (xyz 1 1 1))
      (rotate (xyz 0 0 0))
    )
  )

  (module Capacitors_SMD:C_0603 (layer B.Cu) (tedit 5415D631) (tstamp 579CE034)
    (at 161.2 119.3 90)
    (descr "Capacitor SMD 0603, reflow soldering, AVX (see smccp.pdf)")
    (tags "capacitor 0603")
    (path /51E0350B)
    (attr smd)
    (fp_text reference C12 (at 0 1.9 90) (layer B.SilkS)
      (effects (font (size 1 1) (thickness 0.15)) (justify mirror))
    )
    (fp_text value 100n (at 0 -1.9 90) (layer B.Fab)
      (effects (font (size 1 1) (thickness 0.15)) (justify mirror))
    )
    (fp_line (start -1.45 0.75) (end 1.45 0.75) (layer B.CrtYd) (width 0.05))
    (fp_line (start -1.45 -0.75) (end 1.45 -0.75) (layer B.CrtYd) (width 0.05))
    (fp_line (start -1.45 0.75) (end -1.45 -0.75) (layer B.CrtYd) (width 0.05))
    (fp_line (start 1.45 0.75) (end 1.45 -0.75) (layer B.CrtYd) (width 0.05))
    (fp_line (start -0.35 0.6) (end 0.35 0.6) (layer B.SilkS) (width 0.15))
    (fp_line (start 0.35 -0.6) (end -0.35 -0.6) (layer B.SilkS) (width 0.15))
    (pad 1 smd rect (at -0.75 0 90) (size 0.8 0.75) (layers B.Cu B.Paste B.Mask)
      (net 2 GND))
    (pad 2 smd rect (at 0.75 0 90) (size 0.8 0.75) (layers B.Cu B.Paste B.Mask)
      (net 3 +3.3V))
    (model Capacitors_SMD.3dshapes/C_0603.wrl
      (at (xyz 0 0 0))
      (scale (xyz 1 1 1))
      (rotate (xyz 0 0 0))
    )
  )

  (module Capacitors_SMD:C_0603 (layer B.Cu) (tedit 5415D631) (tstamp 579CE03A)
    (at 159.55 126.65)
    (descr "Capacitor SMD 0603, reflow soldering, AVX (see smccp.pdf)")
    (tags "capacitor 0603")
    (path /51E0352E)
    (attr smd)
    (fp_text reference C13 (at 0 1.9) (layer B.SilkS)
      (effects (font (size 1 1) (thickness 0.15)) (justify mirror))
    )
    (fp_text value 100n (at 0 -1.9) (layer B.Fab)
      (effects (font (size 1 1) (thickness 0.15)) (justify mirror))
    )
    (fp_line (start -1.45 0.75) (end 1.45 0.75) (layer B.CrtYd) (width 0.05))
    (fp_line (start -1.45 -0.75) (end 1.45 -0.75) (layer B.CrtYd) (width 0.05))
    (fp_line (start -1.45 0.75) (end -1.45 -0.75) (layer B.CrtYd) (width 0.05))
    (fp_line (start 1.45 0.75) (end 1.45 -0.75) (layer B.CrtYd) (width 0.05))
    (fp_line (start -0.35 0.6) (end 0.35 0.6) (layer B.SilkS) (width 0.15))
    (fp_line (start 0.35 -0.6) (end -0.35 -0.6) (layer B.SilkS) (width 0.15))
    (pad 1 smd rect (at -0.75 0) (size 0.8 0.75) (layers B.Cu B.Paste B.Mask)
      (net 2 GND))
    (pad 2 smd rect (at 0.75 0) (size 0.8 0.75) (layers B.Cu B.Paste B.Mask)
      (net 3 +3.3V))
    (model Capacitors_SMD.3dshapes/C_0603.wrl
      (at (xyz 0 0 0))
      (scale (xyz 1 1 1))
      (rotate (xyz 0 0 0))
    )
  )

  (module Capacitors_SMD:C_0603 (layer B.Cu) (tedit 5415D631) (tstamp 579CE040)
    (at 154.55 126.65)
    (descr "Capacitor SMD 0603, reflow soldering, AVX (see smccp.pdf)")
    (tags "capacitor 0603")
    (path /51E03543)
    (attr smd)
    (fp_text reference C14 (at 0 1.9) (layer B.SilkS)
      (effects (font (size 1 1) (thickness 0.15)) (justify mirror))
    )
    (fp_text value 100n (at 0 -1.9) (layer B.Fab)
      (effects (font (size 1 1) (thickness 0.15)) (justify mirror))
    )
    (fp_line (start -1.45 0.75) (end 1.45 0.75) (layer B.CrtYd) (width 0.05))
    (fp_line (start -1.45 -0.75) (end 1.45 -0.75) (layer B.CrtYd) (width 0.05))
    (fp_line (start -1.45 0.75) (end -1.45 -0.75) (layer B.CrtYd) (width 0.05))
    (fp_line (start 1.45 0.75) (end 1.45 -0.75) (layer B.CrtYd) (width 0.05))
    (fp_line (start -0.35 0.6) (end 0.35 0.6) (layer B.SilkS) (width 0.15))
    (fp_line (start 0.35 -0.6) (end -0.35 -0.6) (layer B.SilkS) (width 0.15))
    (pad 1 smd rect (at -0.75 0) (size 0.8 0.75) (layers B.Cu B.Paste B.Mask)
      (net 2 GND))
    (pad 2 smd rect (at 0.75 0) (size 0.8 0.75) (layers B.Cu B.Paste B.Mask)
      (net 3 +3.3V))
    (model Capacitors_SMD.3dshapes/C_0603.wrl
      (at (xyz 0 0 0))
      (scale (xyz 1 1 1))
      (rotate (xyz 0 0 0))
    )
  )

  (module Capacitors_SMD:C_0603 (layer B.Cu) (tedit 5415D631) (tstamp 579CE046)
    (at 149.55 126.65)
    (descr "Capacitor SMD 0603, reflow soldering, AVX (see smccp.pdf)")
    (tags "capacitor 0603")
    (path /51E03542)
    (attr smd)
    (fp_text reference C15 (at 0 1.9) (layer B.SilkS)
      (effects (font (size 1 1) (thickness 0.15)) (justify mirror))
    )
    (fp_text value 100n (at 0 -1.9) (layer B.Fab)
      (effects (font (size 1 1) (thickness 0.15)) (justify mirror))
    )
    (fp_line (start -1.45 0.75) (end 1.45 0.75) (layer B.CrtYd) (width 0.05))
    (fp_line (start -1.45 -0.75) (end 1.45 -0.75) (layer B.CrtYd) (width 0.05))
    (fp_line (start -1.45 0.75) (end -1.45 -0.75) (layer B.CrtYd) (width 0.05))
    (fp_line (start 1.45 0.75) (end 1.45 -0.75) (layer B.CrtYd) (width 0.05))
    (fp_line (start -0.35 0.6) (end 0.35 0.6) (layer B.SilkS) (width 0.15))
    (fp_line (start 0.35 -0.6) (end -0.35 -0.6) (layer B.SilkS) (width 0.15))
    (pad 1 smd rect (at -0.75 0) (size 0.8 0.75) (layers B.Cu B.Paste B.Mask)
      (net 2 GND))
    (pad 2 smd rect (at 0.75 0) (size 0.8 0.75) (layers B.Cu B.Paste B.Mask)
      (net 3 +3.3V))
    (model Capacitors_SMD.3dshapes/C_0603.wrl
      (at (xyz 0 0 0))
      (scale (xyz 1 1 1))
      (rotate (xyz 0 0 0))
    )
  )

  (module Capacitors_SMD:C_0603 (layer B.Cu) (tedit 5415D631) (tstamp 579CE04C)
    (at 144.4 126.15 270)
    (descr "Capacitor SMD 0603, reflow soldering, AVX (see smccp.pdf)")
    (tags "capacitor 0603")
    (path /51E03558)
    (attr smd)
    (fp_text reference C16 (at 0 1.9 270) (layer B.SilkS)
      (effects (font (size 1 1) (thickness 0.15)) (justify mirror))
    )
    (fp_text value 100n (at 0 -1.9 270) (layer B.Fab)
      (effects (font (size 1 1) (thickness 0.15)) (justify mirror))
    )
    (fp_line (start -1.45 0.75) (end 1.45 0.75) (layer B.CrtYd) (width 0.05))
    (fp_line (start -1.45 -0.75) (end 1.45 -0.75) (layer B.CrtYd) (width 0.05))
    (fp_line (start -1.45 0.75) (end -1.45 -0.75) (layer B.CrtYd) (width 0.05))
    (fp_line (start 1.45 0.75) (end 1.45 -0.75) (layer B.CrtYd) (width 0.05))
    (fp_line (start -0.35 0.6) (end 0.35 0.6) (layer B.SilkS) (width 0.15))
    (fp_line (start 0.35 -0.6) (end -0.35 -0.6) (layer B.SilkS) (width 0.15))
    (pad 1 smd rect (at -0.75 0 270) (size 0.8 0.75) (layers B.Cu B.Paste B.Mask)
      (net 2 GND))
    (pad 2 smd rect (at 0.75 0 270) (size 0.8 0.75) (layers B.Cu B.Paste B.Mask)
      (net 3 +3.3V))
    (model Capacitors_SMD.3dshapes/C_0603.wrl
      (at (xyz 0 0 0))
      (scale (xyz 1 1 1))
      (rotate (xyz 0 0 0))
    )
  )

  (module Capacitors_SMD:C_0603 (layer B.Cu) (tedit 5415D631) (tstamp 579CE052)
    (at 144.4 120.45 270)
    (descr "Capacitor SMD 0603, reflow soldering, AVX (see smccp.pdf)")
    (tags "capacitor 0603")
    (path /51E03559)
    (attr smd)
    (fp_text reference C17 (at 0 1.9 270) (layer B.SilkS)
      (effects (font (size 1 1) (thickness 0.15)) (justify mirror))
    )
    (fp_text value 100n (at 0 -1.9 270) (layer B.Fab)
      (effects (font (size 1 1) (thickness 0.15)) (justify mirror))
    )
    (fp_line (start -1.45 0.75) (end 1.45 0.75) (layer B.CrtYd) (width 0.05))
    (fp_line (start -1.45 -0.75) (end 1.45 -0.75) (layer B.CrtYd) (width 0.05))
    (fp_line (start -1.45 0.75) (end -1.45 -0.75) (layer B.CrtYd) (width 0.05))
    (fp_line (start 1.45 0.75) (end 1.45 -0.75) (layer B.CrtYd) (width 0.05))
    (fp_line (start -0.35 0.6) (end 0.35 0.6) (layer B.SilkS) (width 0.15))
    (fp_line (start 0.35 -0.6) (end -0.35 -0.6) (layer B.SilkS) (width 0.15))
    (pad 1 smd rect (at -0.75 0 270) (size 0.8 0.75) (layers B.Cu B.Paste B.Mask)
      (net 2 GND))
    (pad 2 smd rect (at 0.75 0 270) (size 0.8 0.75) (layers B.Cu B.Paste B.Mask)
      (net 3 +3.3V))
    (model Capacitors_SMD.3dshapes/C_0603.wrl
      (at (xyz 0 0 0))
      (scale (xyz 1 1 1))
      (rotate (xyz 0 0 0))
    )
  )

  (module Capacitors_SMD:C_0603 (layer B.Cu) (tedit 5415D631) (tstamp 579CE058)
    (at 144.4 114.7 270)
    (descr "Capacitor SMD 0603, reflow soldering, AVX (see smccp.pdf)")
    (tags "capacitor 0603")
    (path /51E0355B)
    (attr smd)
    (fp_text reference C18 (at 0 1.9 270) (layer B.SilkS)
      (effects (font (size 1 1) (thickness 0.15)) (justify mirror))
    )
    (fp_text value 100n (at 0 -1.9 270) (layer B.Fab)
      (effects (font (size 1 1) (thickness 0.15)) (justify mirror))
    )
    (fp_line (start -1.45 0.75) (end 1.45 0.75) (layer B.CrtYd) (width 0.05))
    (fp_line (start -1.45 -0.75) (end 1.45 -0.75) (layer B.CrtYd) (width 0.05))
    (fp_line (start -1.45 0.75) (end -1.45 -0.75) (layer B.CrtYd) (width 0.05))
    (fp_line (start 1.45 0.75) (end 1.45 -0.75) (layer B.CrtYd) (width 0.05))
    (fp_line (start -0.35 0.6) (end 0.35 0.6) (layer B.SilkS) (width 0.15))
    (fp_line (start 0.35 -0.6) (end -0.35 -0.6) (layer B.SilkS) (width 0.15))
    (pad 1 smd rect (at -0.75 0 270) (size 0.8 0.75) (layers B.Cu B.Paste B.Mask)
      (net 2 GND))
    (pad 2 smd rect (at 0.75 0 270) (size 0.8 0.75) (layers B.Cu B.Paste B.Mask)
      (net 3 +3.3V))
    (model Capacitors_SMD.3dshapes/C_0603.wrl
      (at (xyz 0 0 0))
      (scale (xyz 1 1 1))
      (rotate (xyz 0 0 0))
    )
  )

  (module Capacitors_SMD:C_0603 (layer B.Cu) (tedit 5415D631) (tstamp 579CE05E)
    (at 144.95 111.45 180)
    (descr "Capacitor SMD 0603, reflow soldering, AVX (see smccp.pdf)")
    (tags "capacitor 0603")
    (path /51E0355A)
    (attr smd)
    (fp_text reference C19 (at 0 1.9 180) (layer B.SilkS)
      (effects (font (size 1 1) (thickness 0.15)) (justify mirror))
    )
    (fp_text value 100n (at 0 -1.9 180) (layer B.Fab)
      (effects (font (size 1 1) (thickness 0.15)) (justify mirror))
    )
    (fp_line (start -1.45 0.75) (end 1.45 0.75) (layer B.CrtYd) (width 0.05))
    (fp_line (start -1.45 -0.75) (end 1.45 -0.75) (layer B.CrtYd) (width 0.05))
    (fp_line (start -1.45 0.75) (end -1.45 -0.75) (layer B.CrtYd) (width 0.05))
    (fp_line (start 1.45 0.75) (end 1.45 -0.75) (layer B.CrtYd) (width 0.05))
    (fp_line (start -0.35 0.6) (end 0.35 0.6) (layer B.SilkS) (width 0.15))
    (fp_line (start 0.35 -0.6) (end -0.35 -0.6) (layer B.SilkS) (width 0.15))
    (pad 1 smd rect (at -0.75 0 180) (size 0.8 0.75) (layers B.Cu B.Paste B.Mask)
      (net 2 GND))
    (pad 2 smd rect (at 0.75 0 180) (size 0.8 0.75) (layers B.Cu B.Paste B.Mask)
      (net 3 +3.3V))
    (model Capacitors_SMD.3dshapes/C_0603.wrl
      (at (xyz 0 0 0))
      (scale (xyz 1 1 1))
      (rotate (xyz 0 0 0))
    )
  )

  (module Capacitors_SMD:C_0603 (layer F.Cu) (tedit 5415D631) (tstamp 579CE064)
    (at 166.8 113.8 90)
    (descr "Capacitor SMD 0603, reflow soldering, AVX (see smccp.pdf)")
    (tags "capacitor 0603")
    (path /51E29A9A)
    (attr smd)
    (fp_text reference C20 (at 0 -1.9 90) (layer F.SilkS)
      (effects (font (size 1 1) (thickness 0.15)))
    )
    (fp_text value 22p (at 0 1.9 90) (layer F.Fab)
      (effects (font (size 1 1) (thickness 0.15)))
    )
    (fp_line (start -1.45 -0.75) (end 1.45 -0.75) (layer F.CrtYd) (width 0.05))
    (fp_line (start -1.45 0.75) (end 1.45 0.75) (layer F.CrtYd) (width 0.05))
    (fp_line (start -1.45 -0.75) (end -1.45 0.75) (layer F.CrtYd) (width 0.05))
    (fp_line (start 1.45 -0.75) (end 1.45 0.75) (layer F.CrtYd) (width 0.05))
    (fp_line (start -0.35 -0.6) (end 0.35 -0.6) (layer F.SilkS) (width 0.15))
    (fp_line (start 0.35 0.6) (end -0.35 0.6) (layer F.SilkS) (width 0.15))
    (pad 1 smd rect (at -0.75 0 90) (size 0.8 0.75) (layers F.Cu F.Paste F.Mask)
      (net 5 /osc_out))
    (pad 2 smd rect (at 0.75 0 90) (size 0.8 0.75) (layers F.Cu F.Paste F.Mask)
      (net 2 GND))
    (model Capacitors_SMD.3dshapes/C_0603.wrl
      (at (xyz 0 0 0))
      (scale (xyz 1 1 1))
      (rotate (xyz 0 0 0))
    )
  )

  (module Capacitors_SMD:C_0603 (layer B.Cu) (tedit 5415D631) (tstamp 579CE06A)
    (at 145.9 114.7 270)
    (descr "Capacitor SMD 0603, reflow soldering, AVX (see smccp.pdf)")
    (tags "capacitor 0603")
    (path /51E31FE2)
    (attr smd)
    (fp_text reference C21 (at 0 1.9 270) (layer B.SilkS)
      (effects (font (size 1 1) (thickness 0.15)) (justify mirror))
    )
    (fp_text value 4.7u (at 0 -1.9 270) (layer B.Fab)
      (effects (font (size 1 1) (thickness 0.15)) (justify mirror))
    )
    (fp_line (start -1.45 0.75) (end 1.45 0.75) (layer B.CrtYd) (width 0.05))
    (fp_line (start -1.45 -0.75) (end 1.45 -0.75) (layer B.CrtYd) (width 0.05))
    (fp_line (start -1.45 0.75) (end -1.45 -0.75) (layer B.CrtYd) (width 0.05))
    (fp_line (start 1.45 0.75) (end 1.45 -0.75) (layer B.CrtYd) (width 0.05))
    (fp_line (start -0.35 0.6) (end 0.35 0.6) (layer B.SilkS) (width 0.15))
    (fp_line (start 0.35 -0.6) (end -0.35 -0.6) (layer B.SilkS) (width 0.15))
    (pad 1 smd rect (at -0.75 0 270) (size 0.8 0.75) (layers B.Cu B.Paste B.Mask)
      (net 2 GND))
    (pad 2 smd rect (at 0.75 0 270) (size 0.8 0.75) (layers B.Cu B.Paste B.Mask)
      (net 3 +3.3V))
    (model Capacitors_SMD.3dshapes/C_0603.wrl
      (at (xyz 0 0 0))
      (scale (xyz 1 1 1))
      (rotate (xyz 0 0 0))
    )
  )

  (module Capacitors_SMD:C_0603 (layer F.Cu) (tedit 5415D631) (tstamp 579CE070)
    (at 165.65 125.6 270)
    (descr "Capacitor SMD 0603, reflow soldering, AVX (see smccp.pdf)")
    (tags "capacitor 0603")
    (path /51E31FCA)
    (attr smd)
    (fp_text reference C22 (at 0 -1.9 270) (layer F.SilkS)
      (effects (font (size 1 1) (thickness 0.15)))
    )
    (fp_text value 100n (at 0 1.9 270) (layer F.Fab)
      (effects (font (size 1 1) (thickness 0.15)))
    )
    (fp_line (start -1.45 -0.75) (end 1.45 -0.75) (layer F.CrtYd) (width 0.05))
    (fp_line (start -1.45 0.75) (end 1.45 0.75) (layer F.CrtYd) (width 0.05))
    (fp_line (start -1.45 -0.75) (end -1.45 0.75) (layer F.CrtYd) (width 0.05))
    (fp_line (start 1.45 -0.75) (end 1.45 0.75) (layer F.CrtYd) (width 0.05))
    (fp_line (start -0.35 -0.6) (end 0.35 -0.6) (layer F.SilkS) (width 0.15))
    (fp_line (start 0.35 0.6) (end -0.35 0.6) (layer F.SilkS) (width 0.15))
    (pad 1 smd rect (at -0.75 0 270) (size 0.8 0.75) (layers F.Cu F.Paste F.Mask)
      (net 3 +3.3V))
    (pad 2 smd rect (at 0.75 0 270) (size 0.8 0.75) (layers F.Cu F.Paste F.Mask)
      (net 2 GND))
    (model Capacitors_SMD.3dshapes/C_0603.wrl
      (at (xyz 0 0 0))
      (scale (xyz 1 1 1))
      (rotate (xyz 0 0 0))
    )
  )

  (module Capacitors_SMD:C_0603 (layer B.Cu) (tedit 5415D631) (tstamp 579CE076)
    (at 145.85 109.9)
    (descr "Capacitor SMD 0603, reflow soldering, AVX (see smccp.pdf)")
    (tags "capacitor 0603")
    (path /51E2F4D7)
    (attr smd)
    (fp_text reference C23 (at 0 1.9) (layer B.SilkS)
      (effects (font (size 1 1) (thickness 0.15)) (justify mirror))
    )
    (fp_text value 2.2u (at 0 -1.9) (layer B.Fab)
      (effects (font (size 1 1) (thickness 0.15)) (justify mirror))
    )
    (fp_line (start -1.45 0.75) (end 1.45 0.75) (layer B.CrtYd) (width 0.05))
    (fp_line (start -1.45 -0.75) (end 1.45 -0.75) (layer B.CrtYd) (width 0.05))
    (fp_line (start -1.45 0.75) (end -1.45 -0.75) (layer B.CrtYd) (width 0.05))
    (fp_line (start 1.45 0.75) (end 1.45 -0.75) (layer B.CrtYd) (width 0.05))
    (fp_line (start -0.35 0.6) (end 0.35 0.6) (layer B.SilkS) (width 0.15))
    (fp_line (start 0.35 -0.6) (end -0.35 -0.6) (layer B.SilkS) (width 0.15))
    (pad 1 smd rect (at -0.75 0) (size 0.8 0.75) (layers B.Cu B.Paste B.Mask)
      (net 6 "Net-(C23-Pad1)"))
    (pad 2 smd rect (at 0.75 0) (size 0.8 0.75) (layers B.Cu B.Paste B.Mask)
      (net 2 GND))
    (model Capacitors_SMD.3dshapes/C_0603.wrl
      (at (xyz 0 0 0))
      (scale (xyz 1 1 1))
      (rotate (xyz 0 0 0))
    )
  )

  (module Capacitors_SMD:C_0603 (layer F.Cu) (tedit 5415D631) (tstamp 579CE07C)
    (at 138.7 126.75 270)
    (descr "Capacitor SMD 0603, reflow soldering, AVX (see smccp.pdf)")
    (tags "capacitor 0603")
    (path /51E2F4CE)
    (attr smd)
    (fp_text reference C24 (at 0 -1.9 270) (layer F.SilkS)
      (effects (font (size 1 1) (thickness 0.15)))
    )
    (fp_text value 2.2u (at 0 1.9 270) (layer F.Fab)
      (effects (font (size 1 1) (thickness 0.15)))
    )
    (fp_line (start -1.45 -0.75) (end 1.45 -0.75) (layer F.CrtYd) (width 0.05))
    (fp_line (start -1.45 0.75) (end 1.45 0.75) (layer F.CrtYd) (width 0.05))
    (fp_line (start -1.45 -0.75) (end -1.45 0.75) (layer F.CrtYd) (width 0.05))
    (fp_line (start 1.45 -0.75) (end 1.45 0.75) (layer F.CrtYd) (width 0.05))
    (fp_line (start -0.35 -0.6) (end 0.35 -0.6) (layer F.SilkS) (width 0.15))
    (fp_line (start 0.35 0.6) (end -0.35 0.6) (layer F.SilkS) (width 0.15))
    (pad 1 smd rect (at -0.75 0 270) (size 0.8 0.75) (layers F.Cu F.Paste F.Mask)
      (net 7 "Net-(C24-Pad1)"))
    (pad 2 smd rect (at 0.75 0 270) (size 0.8 0.75) (layers F.Cu F.Paste F.Mask)
      (net 2 GND))
    (model Capacitors_SMD.3dshapes/C_0603.wrl
      (at (xyz 0 0 0))
      (scale (xyz 1 1 1))
      (rotate (xyz 0 0 0))
    )
  )

  (module Capacitors_SMD:C_0603 (layer B.Cu) (tedit 5415D631) (tstamp 579CE082)
    (at 162.95 110.15 270)
    (descr "Capacitor SMD 0603, reflow soldering, AVX (see smccp.pdf)")
    (tags "capacitor 0603")
    (path /51E32464)
    (attr smd)
    (fp_text reference C25 (at 0 1.9 270) (layer B.SilkS)
      (effects (font (size 1 1) (thickness 0.15)) (justify mirror))
    )
    (fp_text value 100n (at 0 -1.9 270) (layer B.Fab)
      (effects (font (size 1 1) (thickness 0.15)) (justify mirror))
    )
    (fp_line (start -1.45 0.75) (end 1.45 0.75) (layer B.CrtYd) (width 0.05))
    (fp_line (start -1.45 -0.75) (end 1.45 -0.75) (layer B.CrtYd) (width 0.05))
    (fp_line (start -1.45 0.75) (end -1.45 -0.75) (layer B.CrtYd) (width 0.05))
    (fp_line (start 1.45 0.75) (end 1.45 -0.75) (layer B.CrtYd) (width 0.05))
    (fp_line (start -0.35 0.6) (end 0.35 0.6) (layer B.SilkS) (width 0.15))
    (fp_line (start 0.35 -0.6) (end -0.35 -0.6) (layer B.SilkS) (width 0.15))
    (pad 1 smd rect (at -0.75 0 270) (size 0.8 0.75) (layers B.Cu B.Paste B.Mask)
      (net 8 /3V3_adc))
    (pad 2 smd rect (at 0.75 0 270) (size 0.8 0.75) (layers B.Cu B.Paste B.Mask)
      (net 2 GND))
    (model Capacitors_SMD.3dshapes/C_0603.wrl
      (at (xyz 0 0 0))
      (scale (xyz 1 1 1))
      (rotate (xyz 0 0 0))
    )
  )

  (module Capacitors_SMD:C_0603 (layer B.Cu) (tedit 5415D631) (tstamp 579CE088)
    (at 162.9 107.95)
    (descr "Capacitor SMD 0603, reflow soldering, AVX (see smccp.pdf)")
    (tags "capacitor 0603")
    (path /51E3245F)
    (attr smd)
    (fp_text reference C26 (at 0 1.9) (layer B.SilkS)
      (effects (font (size 1 1) (thickness 0.15)) (justify mirror))
    )
    (fp_text value 1u (at 0 -1.9) (layer B.Fab)
      (effects (font (size 1 1) (thickness 0.15)) (justify mirror))
    )
    (fp_line (start -1.45 0.75) (end 1.45 0.75) (layer B.CrtYd) (width 0.05))
    (fp_line (start -1.45 -0.75) (end 1.45 -0.75) (layer B.CrtYd) (width 0.05))
    (fp_line (start -1.45 0.75) (end -1.45 -0.75) (layer B.CrtYd) (width 0.05))
    (fp_line (start 1.45 0.75) (end 1.45 -0.75) (layer B.CrtYd) (width 0.05))
    (fp_line (start -0.35 0.6) (end 0.35 0.6) (layer B.SilkS) (width 0.15))
    (fp_line (start 0.35 -0.6) (end -0.35 -0.6) (layer B.SilkS) (width 0.15))
    (pad 1 smd rect (at -0.75 0) (size 0.8 0.75) (layers B.Cu B.Paste B.Mask)
      (net 8 /3V3_adc))
    (pad 2 smd rect (at 0.75 0) (size 0.8 0.75) (layers B.Cu B.Paste B.Mask)
      (net 2 GND))
    (model Capacitors_SMD.3dshapes/C_0603.wrl
      (at (xyz 0 0 0))
      (scale (xyz 1 1 1))
      (rotate (xyz 0 0 0))
    )
  )

  (module Capacitors_SMD:C_0603 (layer B.Cu) (tedit 5415D631) (tstamp 579CE08E)
    (at 165.8 111.4 270)
    (descr "Capacitor SMD 0603, reflow soldering, AVX (see smccp.pdf)")
    (tags "capacitor 0603")
    (path /51E323F3)
    (attr smd)
    (fp_text reference C27 (at 0 1.9 270) (layer B.SilkS)
      (effects (font (size 1 1) (thickness 0.15)) (justify mirror))
    )
    (fp_text value 100n (at 0 -1.9 270) (layer B.Fab)
      (effects (font (size 1 1) (thickness 0.15)) (justify mirror))
    )
    (fp_line (start -1.45 0.75) (end 1.45 0.75) (layer B.CrtYd) (width 0.05))
    (fp_line (start -1.45 -0.75) (end 1.45 -0.75) (layer B.CrtYd) (width 0.05))
    (fp_line (start -1.45 0.75) (end -1.45 -0.75) (layer B.CrtYd) (width 0.05))
    (fp_line (start 1.45 0.75) (end 1.45 -0.75) (layer B.CrtYd) (width 0.05))
    (fp_line (start -0.35 0.6) (end 0.35 0.6) (layer B.SilkS) (width 0.15))
    (fp_line (start 0.35 -0.6) (end -0.35 -0.6) (layer B.SilkS) (width 0.15))
    (pad 1 smd rect (at -0.75 0 270) (size 0.8 0.75) (layers B.Cu B.Paste B.Mask)
      (net 8 /3V3_adc))
    (pad 2 smd rect (at 0.75 0 270) (size 0.8 0.75) (layers B.Cu B.Paste B.Mask)
      (net 2 GND))
    (model Capacitors_SMD.3dshapes/C_0603.wrl
      (at (xyz 0 0 0))
      (scale (xyz 1 1 1))
      (rotate (xyz 0 0 0))
    )
  )

  (module Capacitors_SMD:C_0603 (layer B.Cu) (tedit 5415D631) (tstamp 579CE094)
    (at 166.05 108.4 90)
    (descr "Capacitor SMD 0603, reflow soldering, AVX (see smccp.pdf)")
    (tags "capacitor 0603")
    (path /51E32404)
    (attr smd)
    (fp_text reference C28 (at 0 1.9 90) (layer B.SilkS)
      (effects (font (size 1 1) (thickness 0.15)) (justify mirror))
    )
    (fp_text value 1u (at 0 -1.9 90) (layer B.Fab)
      (effects (font (size 1 1) (thickness 0.15)) (justify mirror))
    )
    (fp_line (start -1.45 0.75) (end 1.45 0.75) (layer B.CrtYd) (width 0.05))
    (fp_line (start -1.45 -0.75) (end 1.45 -0.75) (layer B.CrtYd) (width 0.05))
    (fp_line (start -1.45 0.75) (end -1.45 -0.75) (layer B.CrtYd) (width 0.05))
    (fp_line (start 1.45 0.75) (end 1.45 -0.75) (layer B.CrtYd) (width 0.05))
    (fp_line (start -0.35 0.6) (end 0.35 0.6) (layer B.SilkS) (width 0.15))
    (fp_line (start 0.35 -0.6) (end -0.35 -0.6) (layer B.SilkS) (width 0.15))
    (pad 1 smd rect (at -0.75 0 90) (size 0.8 0.75) (layers B.Cu B.Paste B.Mask)
      (net 8 /3V3_adc))
    (pad 2 smd rect (at 0.75 0 90) (size 0.8 0.75) (layers B.Cu B.Paste B.Mask)
      (net 2 GND))
    (model Capacitors_SMD.3dshapes/C_0603.wrl
      (at (xyz 0 0 0))
      (scale (xyz 1 1 1))
      (rotate (xyz 0 0 0))
    )
  )

  (module Capacitors_SMD:C_0603 (layer F.Cu) (tedit 5415D631) (tstamp 579CE09A)
    (at 169.45 127.65)
    (descr "Capacitor SMD 0603, reflow soldering, AVX (see smccp.pdf)")
    (tags "capacitor 0603")
    (path /51E39DB5)
    (attr smd)
    (fp_text reference C29 (at 0 -1.9) (layer F.SilkS)
      (effects (font (size 1 1) (thickness 0.15)))
    )
    (fp_text value 100n (at 0 1.9) (layer F.Fab)
      (effects (font (size 1 1) (thickness 0.15)))
    )
    (fp_line (start -1.45 -0.75) (end 1.45 -0.75) (layer F.CrtYd) (width 0.05))
    (fp_line (start -1.45 0.75) (end 1.45 0.75) (layer F.CrtYd) (width 0.05))
    (fp_line (start -1.45 -0.75) (end -1.45 0.75) (layer F.CrtYd) (width 0.05))
    (fp_line (start 1.45 -0.75) (end 1.45 0.75) (layer F.CrtYd) (width 0.05))
    (fp_line (start -0.35 -0.6) (end 0.35 -0.6) (layer F.SilkS) (width 0.15))
    (fp_line (start 0.35 0.6) (end -0.35 0.6) (layer F.SilkS) (width 0.15))
    (pad 1 smd rect (at -0.75 0) (size 0.8 0.75) (layers F.Cu F.Paste F.Mask)
      (net 1 /nrst))
    (pad 2 smd rect (at 0.75 0) (size 0.8 0.75) (layers F.Cu F.Paste F.Mask)
      (net 2 GND))
    (model Capacitors_SMD.3dshapes/C_0603.wrl
      (at (xyz 0 0 0))
      (scale (xyz 1 1 1))
      (rotate (xyz 0 0 0))
    )
  )

  (module Capacitors_SMD:C_0603 (layer F.Cu) (tedit 5415D631) (tstamp 579CE0A0)
    (at 113.4 115.15 90)
    (descr "Capacitor SMD 0603, reflow soldering, AVX (see smccp.pdf)")
    (tags "capacitor 0603")
    (path /51E9B00E)
    (attr smd)
    (fp_text reference C30 (at 0 -1.9 90) (layer F.SilkS)
      (effects (font (size 1 1) (thickness 0.15)))
    )
    (fp_text value 100n (at 0 1.9 90) (layer F.Fab)
      (effects (font (size 1 1) (thickness 0.15)))
    )
    (fp_line (start -1.45 -0.75) (end 1.45 -0.75) (layer F.CrtYd) (width 0.05))
